solid patch_2_0
 facet normal 0.0 -1.0 0.0
  outer loop
   vertex -18.492318359375002 -20.0 -15.29817578125
   vertex -17.49524609375 -20.0 -16.429130859375
   vertex -16.429130859375 -20.0 -17.49524609375
  endloop
 endfacet
 facet normal 0.0 -1.0 0.0
  outer loop
   vertex -20.26387109375 -20.0 -12.859842773437501
   vertex -19.416408203125002 -20.0 -14.106845703125
   vertex -18.492318359375002 -20.0 -15.29817578125
  endloop
 endfacet
 facet normal 0.0 -1.0 0.0
  outer loop
   vertex -21.031359375 -20.0 -11.562087890625
   vertex -18.492318359375002 -20.0 -15.29817578125
   vertex -16.429130859375 -20.0 -17.49524609375
  endloop
 endfacet
 facet normal 0.0 -1.0 0.0
  outer loop
   vertex -21.031359375 -20.0 -11.562087890625
   vertex -20.26387109375 -20.0 -12.859842773437501
   vertex -18.492318359375002 -20.0 -15.29817578125
  endloop
 endfacet
 facet normal 0.0 -1.0 0.0
  outer loop
   vertex -11.562087890625 -20.0 -21.031359375
   vertex -14.106845703125 -20.0 -19.416408203125002
   vertex -12.859842773437501 -20.0 -20.26387109375
  endloop
 endfacet
 facet normal 0.0 -1.0 0.0
  outer loop
   vertex -10.218703125 -20.0 -21.715849609375
   vertex -14.106845703125 -20.0 -19.416408203125002
   vertex -11.562087890625 -20.0 -21.031359375
  endloop
 endfacet
 facet normal 0.0 -1.0 0.0
  outer loop
   vertex -10.218703125 -20.0 -21.715849609375
   vertex -15.29817578125 -20.0 -18.492318359375002
   vertex -14.106845703125 -20.0 -19.416408203125002
  endloop
 endfacet
 facet normal 0.0 -1.0 0.0
  outer loop
   vertex -22.314634765625 -20.0 -8.8349892578125
   vertex -21.715849609375 -20.0 -10.218703125
   vertex -21.031359375 -20.0 -11.562087890625
  endloop
 endfacet
 facet normal 0.0 -1.0 0.0
  outer loop
   vertex -22.82535546875 -20.0 -7.41640771484375
   vertex -21.031359375 -20.0 -11.562087890625
   vertex -16.429130859375 -20.0 -17.49524609375
  endloop
 endfacet
 facet normal 0.0 -1.0 0.0
  outer loop
   vertex -22.82535546875 -20.0 -7.41640771484375
   vertex -22.314634765625 -20.0 -8.8349892578125
   vertex -21.031359375 -20.0 -11.562087890625
  endloop
 endfacet
 facet normal 0.0 -1.0 0.0
  outer loop
   vertex -7.41640771484375 -20.0 -22.82535546875
   vertex -15.29817578125 -20.0 -18.492318359375002
   vertex -10.218703125 -20.0 -21.715849609375
  endloop
 endfacet
 facet normal 0.0 -1.0 0.0
  outer loop
   vertex -7.41640771484375 -20.0 -22.82535546875
   vertex -16.429130859375 -20.0 -17.49524609375
   vertex -15.29817578125 -20.0 -18.492318359375002
  endloop
 endfacet
 facet normal 0.0 -1.0 0.0
  outer loop
   vertex -7.41640771484375 -20.0 -22.82535546875
   vertex -10.218703125 -20.0 -21.715849609375
   vertex -8.8349892578125 -20.0 -22.314634765625
  endloop
 endfacet
 facet normal 0.0 -1.0 0.0
  outer loop
   vertex -23.24599609375 -20.0 -5.96855712890625
   vertex -22.82535546875 -20.0 -7.41640771484375
   vertex -16.429130859375 -20.0 -17.49524609375
  endloop
 endfacet
 facet normal 0.0 -1.0 0.0
  outer loop
   vertex -23.24599609375 -20.0 -5.96855712890625
   vertex -16.429130859375 -20.0 -17.49524609375
   vertex -7.41640771484375 -20.0 -22.82535546875
  endloop
 endfacet
 facet normal 0.0 -1.0 0.0
  outer loop
   vertex -3.00799755859375 -20.0 -23.810751953125
   vertex -23.24599609375 -20.0 -5.96855712890625
   vertex -7.41640771484375 -20.0 -22.82535546875
  endloop
 endfacet
 facet normal 0.0 -1.0 0.0
  outer loop
   vertex -3.00799755859375 -20.0 -23.810751953125
   vertex -23.57489453125 -20.0 -4.4971513671875005
   vertex -23.24599609375 -20.0 -5.96855712890625
  endloop
 endfacet
 facet normal 0.0 -1.0 0.0
  outer loop
   vertex -3.00799755859375 -20.0 -23.810751953125
   vertex -7.41640771484375 -20.0 -22.82535546875
   vertex -5.96855712890625 -20.0 -23.24599609375
  endloop
 endfacet
 facet normal 0.0 -1.0 0.0
  outer loop
   vertex -3.00799755859375 -20.0 -23.810751953125
   vertex -5.96855712890625 -20.0 -23.24599609375
   vertex -4.4971513671875005 -20.0 -23.57489453125
  endloop
 endfacet
 facet normal 0.0 -1.0 0.0
  outer loop
   vertex -23.952640625 -20.0 -1.506972412109375
   vertex -23.810751953125 -20.0 -3.00799755859375
   vertex -23.57489453125 -20.0 -4.4971513671875005
  endloop
 endfacet
 facet normal 0.0 -1.0 0.0
  outer loop
   vertex -24.0 -20.0 -6.100969729416761e-14
   vertex -23.952640625 -20.0 -1.506972412109375
   vertex -23.57489453125 -20.0 -4.4971513671875005
  endloop
 endfacet
 facet normal 0.0 -1.0 -0.0
  outer loop
   vertex -23.952640625 -20.0 1.506972412109375
   vertex -24.0 -20.0 -6.100969729416761e-14
   vertex -23.57489453125 -20.0 -4.4971513671875005
  endloop
 endfacet
 facet normal 0.0 -1.0 0.0
  outer loop
   vertex 1.506972412109375 -20.0 -23.952640625
   vertex -3.00799755859375 -20.0 -23.810751953125
   vertex -1.506972412109375 -20.0 -23.952640625
  endloop
 endfacet
 facet normal -0.0 -1.0 0.0
  outer loop
   vertex 1.506972412109375 -20.0 -23.952640625
   vertex -1.506972412109375 -20.0 -23.952640625
   vertex -4.40872859053254e-15 -20.0 -24.0
  endloop
 endfacet
 facet normal 0.0 -1.0 0.0
  outer loop
   vertex -23.57489453125 -20.0 4.4971513671875005
   vertex -23.57489453125 -20.0 -4.4971513671875005
   vertex -3.00799755859375 -20.0 -23.810751953125
  endloop
 endfacet
 facet normal 0.0 -1.0 0.0
  outer loop
   vertex -23.57489453125 -20.0 4.4971513671875005
   vertex -23.810751953125 -20.0 3.00799755859375
   vertex -23.952640625 -20.0 1.506972412109375
  endloop
 endfacet
 facet normal 0.0 -1.0 -0.0
  outer loop
   vertex -23.57489453125 -20.0 4.4971513671875005
   vertex -23.952640625 -20.0 1.506972412109375
   vertex -23.57489453125 -20.0 -4.4971513671875005
  endloop
 endfacet
 facet normal 0.0 -1.0 0.0
  outer loop
   vertex -22.314634765625 -20.0 8.8349892578125
   vertex -22.82535546875 -20.0 7.41640771484375
   vertex -23.24599609375 -20.0 5.96855712890625
  endloop
 endfacet
 facet normal 0.0 -1.0 0.0
  outer loop
   vertex -22.314634765625 -20.0 8.8349892578125
   vertex -23.24599609375 -20.0 5.96855712890625
   vertex -23.57489453125 -20.0 4.4971513671875005
  endloop
 endfacet
 facet normal 0.0 -1.0 0.0
  outer loop
   vertex -22.314634765625 -20.0 8.8349892578125
   vertex -3.00799755859375 -20.0 -23.810751953125
   vertex 1.506972412109375 -20.0 -23.952640625
  endloop
 endfacet
 facet normal 0.0 -1.0 -0.0
  outer loop
   vertex -22.314634765625 -20.0 8.8349892578125
   vertex -23.57489453125 -20.0 4.4971513671875005
   vertex -3.00799755859375 -20.0 -23.810751953125
  endloop
 endfacet
 facet normal 0.0 -1.0 0.0
  outer loop
   vertex -22.314634765625 -20.0 8.8349892578125
   vertex 1.506972412109375 -20.0 -23.952640625
   vertex 3.00799755859375 -20.0 -23.810751953125
  endloop
 endfacet
 facet normal 0.0 -1.0 0.0
  outer loop
   vertex -22.314634765625 -20.0 8.8349892578125
   vertex 3.00799755859375 -20.0 -23.810751953125
   vertex 4.4971513671875005 -20.0 -23.57489453125
  endloop
 endfacet
 facet normal 0.0 -1.0 0.0
  outer loop
   vertex -22.314634765625 -20.0 8.8349892578125
   vertex 4.4971513671875005 -20.0 -23.57489453125
   vertex 5.96855712890625 -20.0 -23.24599609375
  endloop
 endfacet
 facet normal 0.0 -1.0 0.0
  outer loop
   vertex -22.314634765625 -20.0 8.8349892578125
   vertex 5.96855712890625 -20.0 -23.24599609375
   vertex 7.41640771484375 -20.0 -22.82535546875
  endloop
 endfacet
 facet normal 0.0 -1.0 0.0
  outer loop
   vertex -21.031359375 -20.0 11.562087890625
   vertex -21.715849609375 -20.0 10.218703125
   vertex -22.314634765625 -20.0 8.8349892578125
  endloop
 endfacet
 facet normal 0.0 -1.0 0.0
  outer loop
   vertex 12.859842773437501 -20.0 -20.26387109375
   vertex 8.8349892578125 -20.0 -22.314634765625
   vertex 10.218703125 -20.0 -21.715849609375
  endloop
 endfacet
 facet normal 0.0 -1.0 0.0
  outer loop
   vertex 12.859842773437501 -20.0 -20.26387109375
   vertex 10.218703125 -20.0 -21.715849609375
   vertex 11.562087890625 -20.0 -21.031359375
  endloop
 endfacet
 facet normal 0.0 -1.0 0.0
  outer loop
   vertex -20.26387109375 -20.0 12.859842773437501
   vertex -21.031359375 -20.0 11.562087890625
   vertex -22.314634765625 -20.0 8.8349892578125
  endloop
 endfacet
 facet normal 0.0 -1.0 0.0
  outer loop
   vertex 16.429130859375 -20.0 -17.49524609375
   vertex 7.41640771484375 -20.0 -22.82535546875
   vertex 8.8349892578125 -20.0 -22.314634765625
  endloop
 endfacet
 facet normal 0.0 -1.0 0.0
  outer loop
   vertex 16.429130859375 -20.0 -17.49524609375
   vertex 12.859842773437501 -20.0 -20.26387109375
   vertex 14.106845703125 -20.0 -19.416408203125002
  endloop
 endfacet
 facet normal 0.0 -1.0 0.0
  outer loop
   vertex 16.429130859375 -20.0 -17.49524609375
   vertex 14.106845703125 -20.0 -19.416408203125002
   vertex 15.29817578125 -20.0 -18.492318359375002
  endloop
 endfacet
 facet normal 0.0 -1.0 0.0
  outer loop
   vertex 16.429130859375 -20.0 -17.49524609375
   vertex 8.8349892578125 -20.0 -22.314634765625
   vertex 12.859842773437501 -20.0 -20.26387109375
  endloop
 endfacet
 facet normal 0.0 -1.0 0.0
  outer loop
   vertex -17.49524609375 -20.0 16.429130859375
   vertex -18.492318359375002 -20.0 15.29817578125
   vertex -19.416408203125002 -20.0 14.106845703125
  endloop
 endfacet
 facet normal 0.0 -1.0 0.0
  outer loop
   vertex -17.49524609375 -20.0 16.429130859375
   vertex -19.416408203125002 -20.0 14.106845703125
   vertex -20.26387109375 -20.0 12.859842773437501
  endloop
 endfacet
 facet normal 0.0 -1.0 0.0
  outer loop
   vertex -15.29817578125 -20.0 18.492318359375002
   vertex -16.429130859375 -20.0 17.49524609375
   vertex -17.49524609375 -20.0 16.429130859375
  endloop
 endfacet
 facet normal 0.0 -1.0 0.0
  outer loop
   vertex 19.416408203125002 -20.0 -14.106845703125
   vertex 17.49524609375 -20.0 -16.429130859375
   vertex 18.492318359375002 -20.0 -15.29817578125
  endloop
 endfacet
 facet normal 0.0 -1.0 0.0
  outer loop
   vertex -14.106845703125 -20.0 19.416408203125002
   vertex -15.29817578125 -20.0 18.492318359375002
   vertex -17.49524609375 -20.0 16.429130859375
  endloop
 endfacet
 facet normal 0.0 -1.0 0.0
  outer loop
   vertex -14.106845703125 -20.0 19.416408203125002
   vertex -20.26387109375 -20.0 12.859842773437501
   vertex -22.314634765625 -20.0 8.8349892578125
  endloop
 endfacet
 facet normal 0.0 -1.0 0.0
  outer loop
   vertex -14.106845703125 -20.0 19.416408203125002
   vertex -17.49524609375 -20.0 16.429130859375
   vertex -20.26387109375 -20.0 12.859842773437501
  endloop
 endfacet
 facet normal 0.0 -1.0 0.0
  outer loop
   vertex 20.26387109375 -20.0 -12.859842773437501
   vertex 17.49524609375 -20.0 -16.429130859375
   vertex 19.416408203125002 -20.0 -14.106845703125
  endloop
 endfacet
 facet normal 0.0 -1.0 0.0
  outer loop
   vertex 21.031359375 -20.0 -11.562087890625
   vertex 17.49524609375 -20.0 -16.429130859375
   vertex 20.26387109375 -20.0 -12.859842773437501
  endloop
 endfacet
 facet normal 0.0 -1.0 0.0
  outer loop
   vertex 21.031359375 -20.0 -11.562087890625
   vertex 16.429130859375 -20.0 -17.49524609375
   vertex 17.49524609375 -20.0 -16.429130859375
  endloop
 endfacet
 facet normal 0.0 -1.0 0.0
  outer loop
   vertex 21.031359375 -20.0 -11.562087890625
   vertex 7.41640771484375 -20.0 -22.82535546875
   vertex 16.429130859375 -20.0 -17.49524609375
  endloop
 endfacet
 facet normal 0.0 -1.0 0.0
  outer loop
   vertex -10.218703125 -20.0 21.715849609375
   vertex -11.562087890625 -20.0 21.031359375
   vertex -12.859842773437501 -20.0 20.26387109375
  endloop
 endfacet
 facet normal 0.0 -1.0 0.0
  outer loop
   vertex 22.314634765625 -20.0 -8.8349892578125
   vertex 7.41640771484375 -20.0 -22.82535546875
   vertex 21.031359375 -20.0 -11.562087890625
  endloop
 endfacet
 facet normal -0.0 -1.0 0.0
  outer loop
   vertex 22.314634765625 -20.0 -8.8349892578125
   vertex -22.314634765625 -20.0 8.8349892578125
   vertex 7.41640771484375 -20.0 -22.82535546875
  endloop
 endfacet
 facet normal 0.0 -1.0 0.0
  outer loop
   vertex 22.314634765625 -20.0 -8.8349892578125
   vertex 21.031359375 -20.0 -11.562087890625
   vertex 21.715849609375 -20.0 -10.218703125
  endloop
 endfacet
 facet normal 0.0 -1.0 0.0
  outer loop
   vertex -7.41640771484375 -20.0 22.82535546875
   vertex -10.218703125 -20.0 21.715849609375
   vertex -12.859842773437501 -20.0 20.26387109375
  endloop
 endfacet
 facet normal 0.0 -1.0 0.0
  outer loop
   vertex -7.41640771484375 -20.0 22.82535546875
   vertex -8.8349892578125 -20.0 22.314634765625
   vertex -10.218703125 -20.0 21.715849609375
  endloop
 endfacet
 facet normal 0.0 -1.0 0.0
  outer loop
   vertex -7.41640771484375 -20.0 22.82535546875
   vertex -12.859842773437501 -20.0 20.26387109375
   vertex -14.106845703125 -20.0 19.416408203125002
  endloop
 endfacet
 facet normal 0.0 -1.0 0.0
  outer loop
   vertex -4.4971513671875005 -20.0 23.57489453125
   vertex -14.106845703125 -20.0 19.416408203125002
   vertex -22.314634765625 -20.0 8.8349892578125
  endloop
 endfacet
 facet normal 0.0 -1.0 -0.0
  outer loop
   vertex -4.4971513671875005 -20.0 23.57489453125
   vertex -22.314634765625 -20.0 8.8349892578125
   vertex 22.314634765625 -20.0 -8.8349892578125
  endloop
 endfacet
 facet normal 0.0 -1.0 0.0
  outer loop
   vertex -4.4971513671875005 -20.0 23.57489453125
   vertex -5.96855712890625 -20.0 23.24599609375
   vertex -7.41640771484375 -20.0 22.82535546875
  endloop
 endfacet
 facet normal 0.0 -1.0 0.0
  outer loop
   vertex -4.4971513671875005 -20.0 23.57489453125
   vertex -7.41640771484375 -20.0 22.82535546875
   vertex -14.106845703125 -20.0 19.416408203125002
  endloop
 endfacet
 facet normal 0.0 -1.0 0.0
  outer loop
   vertex -4.4971513671875005 -20.0 23.57489453125
   vertex 22.314634765625 -20.0 -8.8349892578125
   vertex 22.82535546875 -20.0 -7.41640771484375
  endloop
 endfacet
 facet normal 0.0 -1.0 0.0
  outer loop
   vertex -4.4971513671875005 -20.0 23.57489453125
   vertex 22.82535546875 -20.0 -7.41640771484375
   vertex 23.24599609375 -20.0 -5.96855712890625
  endloop
 endfacet
 facet normal 0.0 -1.0 0.0
  outer loop
   vertex -4.4971513671875005 -20.0 23.57489453125
   vertex 23.24599609375 -20.0 -5.96855712890625
   vertex 23.57489453125 -20.0 -4.4971513671875005
  endloop
 endfacet
 facet normal 0.0 -1.0 0.0
  outer loop
   vertex -1.4517635357758074e-14 -20.0 24.0
   vertex -1.506972412109375 -20.0 23.952640625
   vertex -3.00799755859375 -20.0 23.810751953125
  endloop
 endfacet
 facet normal 0.0 -1.0 0.0
  outer loop
   vertex 24.0 -20.0 -5.877999909725818e-15
   vertex 23.810751953125 -20.0 -3.00799755859375
   vertex 23.952640625 -20.0 -1.506972412109375
  endloop
 endfacet
 facet normal 0.0 -1.0 0.0
  outer loop
   vertex 23.952640625 -20.0 1.506972412109375
   vertex -3.00799755859375 -20.0 23.810751953125
   vertex -4.4971513671875005 -20.0 23.57489453125
  endloop
 endfacet
 facet normal -0.0 -1.0 0.0
  outer loop
   vertex 23.952640625 -20.0 1.506972412109375
   vertex -4.4971513671875005 -20.0 23.57489453125
   vertex 23.57489453125 -20.0 -4.4971513671875005
  endloop
 endfacet
 facet normal 0.0 -1.0 -0.0
  outer loop
   vertex 23.952640625 -20.0 1.506972412109375
   vertex 23.810751953125 -20.0 -3.00799755859375
   vertex 24.0 -20.0 -5.877999909725818e-15
  endloop
 endfacet
 facet normal 0.0 -1.0 0.0
  outer loop
   vertex 23.952640625 -20.0 1.506972412109375
   vertex 23.57489453125 -20.0 -4.4971513671875005
   vertex 23.810751953125 -20.0 -3.00799755859375
  endloop
 endfacet
 facet normal 0.0 -1.0 0.0
  outer loop
   vertex 4.4971513671875005 -20.0 23.57489453125
   vertex 3.00799755859375 -20.0 23.810751953125
   vertex 1.506972412109375 -20.0 23.952640625
  endloop
 endfacet
 facet normal 0.0 -1.0 0.0
  outer loop
   vertex 4.4971513671875005 -20.0 23.57489453125
   vertex 1.506972412109375 -20.0 23.952640625
   vertex -1.4517635357758074e-14 -20.0 24.0
  endloop
 endfacet
 facet normal 0.0 -1.0 0.0
  outer loop
   vertex 5.96855712890625 -20.0 23.24599609375
   vertex 23.952640625 -20.0 1.506972412109375
   vertex 23.810751953125 -20.0 3.00799755859375
  endloop
 endfacet
 facet normal -0.0 -1.0 -0.0
  outer loop
   vertex 5.96855712890625 -20.0 23.24599609375
   vertex -3.00799755859375 -20.0 23.810751953125
   vertex 23.952640625 -20.0 1.506972412109375
  endloop
 endfacet
 facet normal 0.0 -1.0 0.0
  outer loop
   vertex 5.96855712890625 -20.0 23.24599609375
   vertex -1.4517635357758074e-14 -20.0 24.0
   vertex -3.00799755859375 -20.0 23.810751953125
  endloop
 endfacet
 facet normal 0.0 -1.0 0.0
  outer loop
   vertex 5.96855712890625 -20.0 23.24599609375
   vertex 4.4971513671875005 -20.0 23.57489453125
   vertex -1.4517635357758074e-14 -20.0 24.0
  endloop
 endfacet
 facet normal 0.0 -1.0 0.0
  outer loop
   vertex 8.8349892578125 -20.0 22.314634765625
   vertex 7.41640771484375 -20.0 22.82535546875
   vertex 5.96855712890625 -20.0 23.24599609375
  endloop
 endfacet
 facet normal 0.0 -1.0 0.0
  outer loop
   vertex 21.715849609375 -20.0 10.218703125
   vertex 22.82535546875 -20.0 7.41640771484375
   vertex 22.314634765625 -20.0 8.8349892578125
  endloop
 endfacet
 facet normal 0.0 -1.0 0.0
  outer loop
   vertex 21.031359375 -20.0 11.562087890625
   vertex 23.810751953125 -20.0 3.00799755859375
   vertex 23.57489453125 -20.0 4.4971513671875005
  endloop
 endfacet
 facet normal 0.0 -1.0 0.0
  outer loop
   vertex 21.031359375 -20.0 11.562087890625
   vertex 23.57489453125 -20.0 4.4971513671875005
   vertex 23.24599609375 -20.0 5.96855712890625
  endloop
 endfacet
 facet normal 0.0 -1.0 0.0
  outer loop
   vertex 21.031359375 -20.0 11.562087890625
   vertex 23.24599609375 -20.0 5.96855712890625
   vertex 22.82535546875 -20.0 7.41640771484375
  endloop
 endfacet
 facet normal 0.0 -1.0 0.0
  outer loop
   vertex 21.031359375 -20.0 11.562087890625
   vertex 22.82535546875 -20.0 7.41640771484375
   vertex 21.715849609375 -20.0 10.218703125
  endloop
 endfacet
 facet normal 0.0 -1.0 0.0
  outer loop
   vertex 12.859842773437501 -20.0 20.26387109375
   vertex 11.562087890625 -20.0 21.031359375
   vertex 10.218703125 -20.0 21.715849609375
  endloop
 endfacet
 facet normal 0.0 -1.0 0.0
  outer loop
   vertex 12.859842773437501 -20.0 20.26387109375
   vertex 10.218703125 -20.0 21.715849609375
   vertex 8.8349892578125 -20.0 22.314634765625
  endloop
 endfacet
 facet normal 0.0 -1.0 0.0
  outer loop
   vertex 14.106845703125 -20.0 19.416408203125002
   vertex 8.8349892578125 -20.0 22.314634765625
   vertex 5.96855712890625 -20.0 23.24599609375
  endloop
 endfacet
 facet normal 0.0 -1.0 0.0
  outer loop
   vertex 14.106845703125 -20.0 19.416408203125002
   vertex 12.859842773437501 -20.0 20.26387109375
   vertex 8.8349892578125 -20.0 22.314634765625
  endloop
 endfacet
 facet normal 0.0 -1.0 0.0
  outer loop
   vertex 15.29817578125 -20.0 18.492318359375002
   vertex 14.106845703125 -20.0 19.416408203125002
   vertex 5.96855712890625 -20.0 23.24599609375
  endloop
 endfacet
 facet normal 0.0 -1.0 0.0
  outer loop
   vertex 17.49524609375 -20.0 16.429130859375
   vertex 20.26387109375 -20.0 12.859842773437501
   vertex 19.416408203125002 -20.0 14.106845703125
  endloop
 endfacet
 facet normal 0.0 -1.0 0.0
  outer loop
   vertex 17.49524609375 -20.0 16.429130859375
   vertex 19.416408203125002 -20.0 14.106845703125
   vertex 18.492318359375002 -20.0 15.29817578125
  endloop
 endfacet
 facet normal 0.0 -1.0 0.0
  outer loop
   vertex 16.429130859375 -20.0 17.49524609375
   vertex 21.031359375 -20.0 11.562087890625
   vertex 20.26387109375 -20.0 12.859842773437501
  endloop
 endfacet
 facet normal -0.0 -1.0 -0.0
  outer loop
   vertex 16.429130859375 -20.0 17.49524609375
   vertex 5.96855712890625 -20.0 23.24599609375
   vertex 23.810751953125 -20.0 3.00799755859375
  endloop
 endfacet
 facet normal 0.0 -1.0 0.0
  outer loop
   vertex 16.429130859375 -20.0 17.49524609375
   vertex 23.810751953125 -20.0 3.00799755859375
   vertex 21.031359375 -20.0 11.562087890625
  endloop
 endfacet
 facet normal 0.0 -1.0 0.0
  outer loop
   vertex 16.429130859375 -20.0 17.49524609375
   vertex 15.29817578125 -20.0 18.492318359375002
   vertex 5.96855712890625 -20.0 23.24599609375
  endloop
 endfacet
 facet normal 0.0 -1.0 0.0
  outer loop
   vertex 16.429130859375 -20.0 17.49524609375
   vertex 20.26387109375 -20.0 12.859842773437501
   vertex 17.49524609375 -20.0 16.429130859375
  endloop
 endfacet
endsolid patch_2_0
