# Force         
# CofR          : (0.00000000e+00 2.40000000e-01 0.00000000e+00)
#
# Time          	total_x total_y total_z	pressure_x pressure_y pressure_z	viscous_x viscous_y viscous_z
0.00304475       1.42161758e-03 1.54251062e+02 3.01080201e-18 1.42161323e-03 1.54250489e+02 3.01116289e-18 4.34638262e-09 5.72515260e-04 -3.60882356e-22
0.0154286        1.58387479e-03 1.53881113e+02 3.00641539e-18 1.58386106e-03 1.53878294e+02 3.00781705e-18 1.37313197e-08 2.81839343e-03 -1.40165866e-21
0.0433333        8.74006859e-04 1.55645864e+02 3.06542721e-18 8.73979294e-04 1.55638188e+02 3.06739532e-18 2.75644710e-08 7.67646474e-03 -1.96811112e-21
0.09             -1.13794027e-03 1.56454109e+02 3.22321598e-18 -1.13799385e-03 1.56438691e+02 3.22585524e-18 5.35741954e-08 1.54177111e-02 -2.63926122e-21
0.14             -1.90557468e-03 1.57320867e+02 3.54449776e-18 -1.90559528e-03 1.57298280e+02 3.54691031e-18 2.06001043e-08 2.25868133e-02 -2.41255269e-21
0.19             -2.64005449e-03 1.57761316e+02 4.00870856e-18 -2.64000174e-03 1.57732325e+02 4.01079870e-18 -5.27442022e-08 2.89910576e-02 -2.09013767e-21
0.24             -3.07570556e-03 1.57953415e+02 4.61600598e-18 -3.07554160e-03 1.57918599e+02 4.61768865e-18 -1.63959900e-07 3.48156915e-02 -1.68266952e-21
0.276667         -2.14833531e-03 1.58659035e+02 5.15891554e-18 -2.14799885e-03 1.58620810e+02 5.15975922e-18 -3.36459366e-07 3.82248447e-02 -8.43681082e-22
0.31             -2.47087496e-03 1.58617406e+02 5.71189464e-18 -2.47038731e-03 1.58575978e+02 5.71247712e-18 -4.87645610e-07 4.14277033e-02 -5.82473353e-22
0.343333         -2.89575087e-03 1.58771000e+02 6.32748654e-18 -2.89512566e-03 1.58726584e+02 6.32779211e-18 -6.25212770e-07 4.44162459e-02 -3.05567753e-22
0.376667         -3.32267295e-03 1.59004320e+02 7.00653390e-18 -3.32200674e-03 1.58957103e+02 7.00654276e-18 -6.66212107e-07 4.72169706e-02 -8.85363764e-24
0.41             -4.21490576e-03 1.59134752e+02 7.73842371e-18 -4.21439347e-03 1.59084986e+02 7.73808280e-18 -5.12291527e-07 4.97657278e-02 3.40902605e-22
0.443333         -4.30099622e-03 1.59324385e+02 8.52914286e-18 -4.30076813e-03 1.59272435e+02 8.52831479e-18 -2.28095423e-07 5.19500659e-02 8.28066689e-22
0.475            -1.41442315e-03 1.60530695e+02 9.28994345e-18 -1.41450433e-03 1.60477136e+02 9.28878980e-18 8.11714062e-08 5.35587087e-02 1.15365150e-21
0.5              -4.91569248e-03 1.60501957e+02 1.00423968e-17 -4.91586053e-03 1.60447400e+02 1.00410162e-17 1.68050759e-07 5.45570487e-02 1.38063816e-21
0.525            -5.17765685e-03 1.60835053e+02 1.07709166e-17 -5.17767452e-03 1.60779561e+02 1.07691926e-17 1.76659794e-08 5.54912079e-02 1.72406671e-21
0.55             -8.22426402e-03 1.61274555e+02 1.15255673e-17 -8.22409317e-03 1.61218183e+02 1.15235053e-17 -1.70848577e-07 5.63721239e-02 2.06192520e-21
0.575            -6.07432199e-03 1.61896900e+02 1.23205210e-17 -6.07418467e-03 1.61839600e+02 1.23181627e-17 -1.37326028e-07 5.73001380e-02 2.35828879e-21
0.596            -8.34140624e-03 1.62796979e+02 1.29929257e-17 -8.34123490e-03 1.62738946e+02 1.29907875e-17 -1.71339738e-07 5.80330063e-02 2.13813918e-21
0.616            -7.35788029e-03 1.63401300e+02 1.37020814e-17 -7.35779602e-03 1.63342484e+02 1.36997446e-17 -8.42709053e-08 5.88160155e-02 2.33673508e-21
0.635            -9.36817650e-03 1.64263244e+02 1.42963515e-17 -9.36817579e-03 1.64203564e+02 1.42941420e-17 -7.12655077e-10 5.96803655e-02 2.20956323e-21
0.651667         -8.59280007e-03 1.64976332e+02 1.49869297e-17 -8.59296118e-03 1.64915880e+02 1.49846261e-17 1.61107970e-07 6.04516766e-02 2.30368928e-21
0.668333         -1.03971566e-02 1.65792964e+02 1.56212845e-17 -1.03974275e-02 1.65731741e+02 1.56188315e-17 2.70892477e-07 6.12234260e-02 2.45304767e-21
0.685            -1.16767444e-02 1.66550964e+02 1.62646313e-17 -1.16770908e-02 1.66488926e+02 1.62620225e-17 3.46395175e-07 6.20376107e-02 2.60883921e-21
0.701667         -1.05394282e-02 1.67612943e+02 1.69358006e-17 -1.05398649e-02 1.67550044e+02 1.69330471e-17 4.36621575e-07 6.28985695e-02 2.75344832e-21
0.718333         -6.59244000e-03 1.68801061e+02 1.76321781e-17 -6.59294505e-03 1.68737308e+02 1.76292834e-17 5.05051232e-07 6.37536012e-02 2.89470076e-21
0.734286         -6.47543733e-03 1.70053604e+02 1.81874550e-17 -6.47605242e-03 1.69988884e+02 1.81847702e-17 6.15091417e-07 6.47206451e-02 2.68479249e-21
0.75             -8.79006106e-03 1.71484970e+02 1.90254731e-17 -8.79080559e-03 1.71419260e+02 1.90223214e-17 7.44534241e-07 6.57108645e-02 3.15166513e-21
0.765714         -9.07601911e-03 1.73127140e+02 1.96100525e-17 -9.07673427e-03 1.73060318e+02 1.96071485e-17 7.15151058e-07 6.68216447e-02 2.90396915e-21
0.78             -7.96797830e-03 1.74618455e+02 2.03331979e-17 -7.96862685e-03 1.74550601e+02 2.03302285e-17 6.48550303e-07 6.78541103e-02 2.96940069e-21
0.794286         -9.94558961e-03 1.76258118e+02 2.10260566e-17 -9.94627404e-03 1.76189244e+02 2.10229905e-17 6.84428469e-07 6.88746350e-02 3.06610627e-21
0.808571         -8.88880527e-03 1.78075913e+02 2.17505079e-17 -8.88950894e-03 1.78006013e+02 2.17473554e-17 7.03667685e-07 6.99000799e-02 3.15251842e-21
0.8225           -3.33614029e-03 1.80012031e+02 2.22734968e-17 -3.33685762e-03 1.79941088e+02 2.22705469e-17 7.17329219e-07 7.09422742e-02 2.94988678e-21
0.835            -7.36387049e-03 1.82861050e+02 2.31313840e-17 -7.36463266e-03 1.82789172e+02 2.31284771e-17 7.62179518e-07 7.18775031e-02 2.90696473e-21
0.8475           -6.90039065e-03 1.85041370e+02 2.38225714e-17 -6.90120168e-03 1.84968632e+02 2.38196081e-17 8.11021014e-07 7.27385273e-02 2.96327011e-21
0.86             -7.04842707e-03 1.87109649e+02 2.45001075e-17 -7.04933192e-03 1.87035993e+02 2.44970779e-17 9.04851825e-07 7.36559722e-02 3.02952823e-21
0.871111         -3.37222943e-03 1.89178690e+02 2.50938270e-17 -3.37314593e-03 1.89104097e+02 2.50910723e-17 9.16505142e-07 7.45929751e-02 2.75471877e-21
0.882222         -4.54253532e-03 1.91507524e+02 2.57756848e-17 -4.54345666e-03 1.91432052e+02 2.57728963e-17 9.21338201e-07 7.54720024e-02 2.78854194e-21
0.893333         -1.04581589e-02 1.93269520e+02 2.63918360e-17 -1.04590562e-02 1.93193130e+02 2.63889814e-17 8.97359946e-07 7.63904110e-02 2.85464263e-21
0.904444         -5.85187162e-03 1.95705952e+02 2.70476730e-17 -5.85253511e-03 1.95628654e+02 2.70447673e-17 6.63487025e-07 7.72983021e-02 2.90570439e-21
0.915            -5.48745590e-03 1.98323354e+02 2.76392339e-17 -5.48796217e-03 1.98245150e+02 2.76365654e-17 5.06270312e-07 7.82040745e-02 2.66855680e-21
0.925            -4.30797063e-03 2.00295772e+02 2.83715134e-17 -4.30843055e-03 2.00216690e+02 2.83688693e-17 4.59926855e-07 7.90816455e-02 2.64412024e-21
0.935            -4.84343609e-03 2.02957543e+02 2.90966685e-17 -4.84390518e-03 2.02877591e+02 2.90940390e-17 4.69090476e-07 7.99522969e-02 2.62958931e-21
0.945            -5.43600547e-03 2.05238202e+02 2.97979455e-17 -5.43658777e-03 2.05157420e+02 2.97953199e-17 5.82300985e-07 8.07821321e-02 2.62561066e-21
0.955            -4.77651897e-03 2.07726159e+02 3.05410773e-17 -4.77733829e-03 2.07644716e+02 3.05384692e-17 8.19320480e-07 8.14429371e-02 2.60811845e-21
0.964545         -2.24209136e-03 2.10527873e+02 3.11856148e-17 -2.24314615e-03 2.10445925e+02 3.11832386e-17 1.05478826e-06 8.19480613e-02 2.37616797e-21
0.973636         -4.68759746e-03 2.12972899e+02 3.19734954e-17 -4.68884766e-03 2.12890634e+02 3.19711776e-17 1.25019515e-06 8.22650100e-02 2.31775902e-21
0.982727         -3.52333242e-03 2.15502088e+02 3.27260772e-17 -3.52476412e-03 2.15419572e+02 3.27237980e-17 1.43169948e-06 8.25154931e-02 2.27912905e-21
0.991818         -6.29260219e-03 2.17464914e+02 3.34377305e-17 -6.29420903e-03 2.17382159e+02 3.34354698e-17 1.60684081e-06 8.27557229e-02 2.26064857e-21
1.00091          -1.80502843e-03 2.19871213e+02 3.41825444e-17 -1.80676922e-03 2.19788193e+02 3.41803142e-17 1.74079764e-06 8.30197832e-02 2.23023300e-21
1.01             -3.07019910e-03 2.21650930e+02 3.48882613e-17 -3.07193815e-03 2.21567710e+02 3.48860421e-17 1.73904798e-06 8.32198019e-02 2.21920612e-21
1.01909          -2.64466631e-03 2.24381244e+02 3.56499747e-17 -2.64633368e-03 2.24297852e+02 3.56477818e-17 1.66736301e-06 8.33921211e-02 2.19291795e-21
1.02818          -2.53502303e-04 2.26709732e+02 3.63462875e-17 -2.55138954e-04 2.26626114e+02 3.63440953e-17 1.63665089e-06 8.36176580e-02 2.19211829e-21
1.03667          2.98448408e-03 2.28796196e+02 3.69835143e-17 2.98292315e-03 2.28712273e+02 3.69815149e-17 1.56093340e-06 8.39235935e-02 1.99943106e-21
1.045            -1.49736012e-03 2.30601007e+02 3.76840673e-17 -1.49886560e-03 2.30516745e+02 3.76820861e-17 1.50548034e-06 8.42618148e-02 1.98115998e-21
1.05333          6.26099918e-04 2.32862471e+02 3.83556109e-17 6.24739623e-04 2.32777841e+02 3.83536370e-17 1.36029480e-06 8.46293846e-02 1.97385136e-21
1.06167          -1.89008377e-03 2.34109946e+02 3.90299303e-17 -1.89131734e-03 2.34024826e+02 3.90279637e-17 1.23356785e-06 8.51201337e-02 1.96660018e-21
1.07             -3.44006331e-04 2.35538595e+02 3.96839351e-17 -3.45079836e-04 2.35452857e+02 3.96819701e-17 1.07350573e-06 8.57385058e-02 1.96504875e-21
1.07833          4.66967302e-03 2.37926966e+02 4.03956992e-17 4.66877506e-03 2.37840547e+02 4.03937552e-17 8.97952602e-07 8.64187890e-02 1.94398522e-21
1.08667          4.09138673e-03 2.40041886e+02 4.10801533e-17 4.09051532e-03 2.39954781e+02 4.10782224e-17 8.71405164e-07 8.71049995e-02 1.93091721e-21
1.095            8.36781925e-03 2.42151243e+02 4.17726089e-17 8.36709780e-03 2.42063471e+02 4.17706935e-17 7.21450635e-07 8.77720676e-02 1.91540227e-21
1.10333          5.17857357e-03 2.44164016e+02 4.24387295e-17 5.17826025e-03 2.44075557e+02 4.24368012e-17 3.13322947e-07 8.84582337e-02 1.92836541e-21
1.11167          8.92587276e-03 2.46118171e+02 4.31175349e-17 8.92563185e-03 2.46029074e+02 4.31155859e-17 2.40910251e-07 8.90965637e-02 1.94895821e-21
1.12             1.43471728e-02 2.47682383e+02 4.37547019e-17 1.43469018e-02 2.47592663e+02 4.37527174e-17 2.71073401e-07 8.97195585e-02 1.98444473e-21
1.12833          9.82273277e-03 2.49988105e+02 4.44293113e-17 9.82263871e-03 2.49897735e+02 4.44273141e-17 9.40558119e-08 9.03702303e-02 1.99728594e-21
1.13667          1.73109114e-02 2.52658803e+02 4.51088697e-17 1.73109556e-02 2.52567902e+02 4.51068756e-17 -4.42329897e-08 9.09013975e-02 1.99411651e-21
1.145            -1.75628369e-02 2.55408824e+02 4.58325468e-17 -1.75620007e-02 2.55317562e+02 4.58305819e-17 -8.36138464e-07 9.12616071e-02 1.96493272e-21
1.15308          2.66547470e-02 2.57466858e+02 4.64053843e-17 2.66550392e-02 2.57375060e+02 4.64035783e-17 -2.92232021e-07 9.17974837e-02 1.80597763e-21
1.16077          2.25245793e-02 2.59154888e+02 4.69876216e-17 2.25242519e-02 2.59062698e+02 4.69858183e-17 3.27427700e-07 9.21899454e-02 1.80329691e-21
1.16846          2.07226946e-02 2.61168063e+02 4.75848562e-17 2.07220452e-02 2.61075454e+02 4.75830490e-17 6.49400608e-07 9.26084478e-02 1.80724157e-21
1.17615          2.25023681e-02 2.62776196e+02 4.81747191e-17 2.25014508e-02 2.62683176e+02 4.81728993e-17 9.17362228e-07 9.30199154e-02 1.81980426e-21
1.18357          2.34131039e-02 2.64918766e+02 4.86881503e-17 2.34118899e-02 2.64825239e+02 4.86864530e-17 1.21402956e-06 9.35273098e-02 1.69734145e-21
1.19071          1.44166175e-02 2.65844559e+02 4.92607998e-17 1.44150607e-02 2.65750648e+02 4.92590949e-17 1.55681449e-06 9.39104862e-02 1.70490869e-21
1.19786          2.69531705e-02 2.66946208e+02 4.98165191e-17 2.69511676e-02 2.66851884e+02 4.98148000e-17 2.00296509e-06 9.43236907e-02 1.71906317e-21
1.205            3.22088970e-02 2.67730560e+02 5.03623962e-17 3.22065207e-02 2.67635775e+02 5.03606588e-17 2.37624906e-06 9.47852315e-02 1.73740668e-21
1.21214          3.04485382e-02 2.68909307e+02 5.09437555e-17 3.04457933e-02 2.68814034e+02 5.09420096e-17 2.74494037e-06 9.52732407e-02 1.74585502e-21
1.21929          2.36619510e-02 2.70101675e+02 5.15256838e-17 2.36588669e-02 2.70005909e+02 5.15239272e-17 3.08404137e-06 9.57661630e-02 1.75667537e-21
1.226            3.23474966e-02 2.71250401e+02 5.20621365e-17 3.23441661e-02 2.71154064e+02 5.20605043e-17 3.33051524e-06 9.63364663e-02 1.63217519e-21
1.23267          3.64560627e-02 2.73046827e+02 5.26491546e-17 3.64525681e-02 2.72950072e+02 5.26475228e-17 3.49459396e-06 9.67549306e-02 1.63182947e-21
1.23933          4.65432675e-02 2.73517238e+02 5.31661233e-17 4.65394606e-02 2.73420062e+02 5.31644727e-17 3.80690091e-06 9.71762084e-02 1.65066473e-21
1.246            3.82142112e-02 2.73726821e+02 5.36560613e-17 3.82100945e-02 2.73629232e+02 5.36543830e-17 4.11669201e-06 9.75884723e-02 1.67835977e-21
1.25267          4.15384985e-02 2.73949889e+02 5.41433891e-17 4.15341429e-02 2.73851907e+02 5.41416815e-17 4.35558156e-06 9.79822230e-02 1.70758149e-21
1.25933          4.45450867e-02 2.74345351e+02 5.46472936e-17 4.45405255e-02 2.74246964e+02 5.46455602e-17 4.56118883e-06 9.83864511e-02 1.73346678e-21
1.266            4.64369355e-02 2.74546467e+02 5.51370349e-17 4.64321697e-02 2.74447679e+02 5.51352701e-17 4.76580275e-06 9.87876471e-02 1.76472116e-21
1.2725           4.48965799e-02 2.75245646e+02 5.55703274e-17 4.48915490e-02 2.75146351e+02 5.55686488e-17 5.03092016e-06 9.92950614e-02 1.67861916e-21
1.27875          4.66778924e-02 2.75112708e+02 5.60474843e-17 4.66726692e-02 2.75013050e+02 5.60457829e-17 5.22314740e-06 9.96572078e-02 1.70136646e-21
1.285            5.19939133e-02 2.75148561e+02 5.64906245e-17 5.19883895e-02 2.75048533e+02 5.64888892e-17 5.52381332e-06 1.00027867e-01 1.73526777e-21
1.29125          5.94625772e-02 2.75280070e+02 5.69297189e-17 5.94567396e-02 2.75179689e+02 5.69279497e-17 5.83757644e-06 1.00380836e-01 1.76920512e-21
1.2975           4.99715592e-02 2.75281139e+02 5.73617223e-17 4.99654520e-02 2.75180424e+02 5.73599168e-17 6.10713759e-06 1.00715159e-01 1.80544445e-21
1.30375          5.79687437e-02 2.75197416e+02 5.77784479e-17 5.79623575e-02 2.75096392e+02 5.77766032e-17 6.38623507e-06 1.01023710e-01 1.84464899e-21
1.31             6.82801395e-02 2.75232194e+02 5.81966900e-17 6.82734817e-02 2.75130899e+02 5.81948065e-17 6.65783315e-06 1.01295520e-01 1.88351207e-21
1.31625          5.74965482e-02 2.75317815e+02 5.86139608e-17 5.74897623e-02 2.75216291e+02 5.86120373e-17 6.78592966e-06 1.01524047e-01 1.92348639e-21
1.32235          7.38991277e-02 2.75915351e+02 5.89836796e-17 7.38921243e-02 2.75813517e+02 5.89818382e-17 7.00335760e-06 1.01833155e-01 1.84140524e-21
1.32824          6.66091979e-02 2.75949180e+02 5.94316172e-17 6.66020448e-02 2.75847164e+02 5.94297537e-17 7.15303835e-06 1.02016463e-01 1.86348027e-21
1.33412          6.53145594e-02 2.76005694e+02 5.98370513e-17 6.53071596e-02 2.75903498e+02 5.98351533e-17 7.39983158e-06 1.02196021e-01 1.89797751e-21
1.34             6.99685852e-02 2.76374786e+02 6.02512215e-17 6.99608377e-02 2.76272403e+02 6.02492900e-17 7.74750284e-06 1.02382150e-01 1.93149073e-21
1.34588          7.10153475e-02 2.76725262e+02 6.06651861e-17 7.10072406e-02 2.76622704e+02 6.06632211e-17 8.10697757e-06 1.02558632e-01 1.96499108e-21
1.35176          7.63414095e-02 2.77216634e+02 6.10834925e-17 7.63328409e-02 2.77113911e+02 6.10814947e-17 8.56854366e-06 1.02722672e-01 1.99784462e-21
1.35765          8.13266971e-02 2.77920395e+02 6.15134135e-17 8.13175240e-02 2.77817517e+02 6.15113850e-17 9.17310734e-06 1.02878353e-01 2.02846530e-21
1.36333          8.90021834e-02 2.78773213e+02 6.18873065e-17 8.89923477e-02 2.78670090e+02 6.18853700e-17 9.83575712e-06 1.03122970e-01 1.93651492e-21
1.36889          8.87936190e-02 2.79512606e+02 6.23436459e-17 8.87831019e-02 2.79409365e+02 6.23416923e-17 1.05170809e-05 1.03241480e-01 1.95351240e-21
1.37444          8.99420232e-02 2.80258467e+02 6.27748124e-17 8.99307461e-02 2.80155111e+02 6.27728352e-17 1.12770940e-05 1.03355961e-01 1.97715273e-21
1.38             9.10777944e-02 2.81132668e+02 6.32070975e-17 9.10657285e-02 2.81029194e+02 6.32050967e-17 1.20659088e-05 1.03474690e-01 2.00079571e-21
1.38556          1.08265148e-01 2.82107287e+02 6.36450585e-17 1.08252285e-01 2.82003681e+02 6.36430353e-17 1.28625700e-05 1.03605952e-01 2.02321965e-21
1.39105          1.02277578e-01 2.83995878e+02 6.40186203e-17 1.02263984e-01 2.83892044e+02 6.40166777e-17 1.35945358e-05 1.03833434e-01 1.94259075e-21
1.39632          1.05865848e-01 2.84493339e+02 6.45146841e-17 1.05851533e-01 2.84389356e+02 6.45127438e-17 1.43150296e-05 1.03983139e-01 1.94029019e-21
1.40158          1.12240814e-01 2.85540884e+02 6.49565085e-17 1.12225725e-01 2.85436763e+02 6.49545524e-17 1.50897163e-05 1.04120814e-01 1.95605815e-21
1.40684          9.68304901e-02 2.86755941e+02 6.54042664e-17 9.68146420e-02 2.86651664e+02 6.54022950e-17 1.58481026e-05 1.04276520e-01 1.97141295e-21
1.41211          1.07938217e-01 2.87818056e+02 6.58442405e-17 1.07921566e-01 2.87713609e+02 6.58422524e-17 1.66517425e-05 1.04447116e-01 1.98812861e-21
1.41737          1.11576441e-01 2.88780355e+02 6.62814142e-17 1.11558984e-01 2.88675722e+02 6.62794085e-17 1.74568209e-05 1.04632567e-01 2.00568101e-21
1.4225           1.15863497e-01 2.90391531e+02 6.66673181e-17 1.15845320e-01 2.90286599e+02 6.66654023e-17 1.81769770e-05 1.04932304e-01 1.91578741e-21
1.4275           1.19402853e-01 2.91489338e+02 6.71568284e-17 1.19383970e-01 2.91384208e+02 6.71549111e-17 1.88826214e-05 1.05129950e-01 1.91733193e-21
1.4325           1.15141447e-01 2.92740928e+02 6.76096584e-17 1.15122017e-01 2.92635580e+02 6.76077304e-17 1.94296121e-05 1.05347961e-01 1.92799735e-21
1.4375           1.97558242e-01 2.93895596e+02 6.80438811e-17 1.97538153e-01 2.93790014e+02 6.80419397e-17 2.00890936e-05 1.05582529e-01 1.94149298e-21
1.4425           1.27544762e-01 2.94821861e+02 6.84937111e-17 1.27524084e-01 2.94716024e+02 6.84917579e-17 2.06784834e-05 1.05836501e-01 1.95317746e-21
1.4475           1.36150087e-01 2.95922656e+02 6.89442175e-17 1.36128886e-01 2.95816548e+02 6.89422534e-17 2.12007403e-05 1.06107557e-01 1.96404225e-21
1.4525           1.34908825e-01 2.96686053e+02 6.93877787e-17 1.34887057e-01 2.96579657e+02 6.93858017e-17 2.17680673e-05 1.06396160e-01 1.97702733e-21
1.4575           2.00405580e-01 2.97273582e+02 6.98243455e-17 2.00383245e-01 2.97166883e+02 6.98223543e-17 2.23345554e-05 1.06699069e-01 1.99116061e-21
1.4625           1.26493683e-01 2.98159695e+02 7.02712699e-17 1.26470848e-01 2.98052682e+02 7.02692657e-17 2.28355912e-05 1.07012894e-01 2.00422788e-21
1.4675           1.33009763e-01 2.98828014e+02 7.06971254e-17 1.32986404e-01 2.98720689e+02 7.06951030e-17 2.33592973e-05 1.07324966e-01 2.02237302e-21
1.47238          1.29083160e-01 2.99866107e+02 7.10758920e-17 1.29059275e-01 2.99758362e+02 7.10739564e-17 2.38849779e-05 1.07744960e-01 1.93556335e-21
1.47714          1.44773738e-01 3.00235894e+02 7.15247705e-17 1.44749305e-01 3.00127856e+02 7.15228284e-17 2.44324241e-05 1.08037821e-01 1.94200341e-21
1.4819           1.47359844e-01 3.01078025e+02 7.19439023e-17 1.47334970e-01 3.00969692e+02 7.19419452e-17 2.48734635e-05 1.08333350e-01 1.95707391e-21
1.48667          1.43769899e-01 3.01822274e+02 7.23468814e-17 1.43744504e-01 3.01713645e+02 7.23449055e-17 2.53948880e-05 1.08629838e-01 1.97583859e-21
1.49143          1.44290427e-01 3.02122793e+02 7.27472700e-17 1.44264474e-01 3.02013858e+02 7.27452750e-17 2.59526326e-05 1.08934819e-01 1.99505902e-21
1.49619          1.68954129e-01 3.02402797e+02 7.31484317e-17 1.68927660e-01 3.02293545e+02 7.31464172e-17 2.64690143e-05 1.09251919e-01 2.01450348e-21
1.50095          1.59193873e-01 3.02708774e+02 7.35428582e-17 1.59166637e-01 3.02599201e+02 7.35408229e-17 2.72358266e-05 1.09573342e-01 2.03522327e-21
1.50571          1.47856917e-01 3.02872944e+02 7.39415119e-17 1.47828915e-01 3.02763053e+02 7.39394570e-17 2.80017851e-05 1.09890271e-01 2.05497396e-21
1.51048          1.51774915e-01 3.03148134e+02 7.43387646e-17 1.51746269e-01 3.03037929e+02 7.43366888e-17 2.86459970e-05 1.10204895e-01 2.07574122e-21
1.51524          1.56436283e-01 3.03418195e+02 7.47388323e-17 1.56406807e-01 3.03307681e+02 7.47367361e-17 2.94761543e-05 1.10514077e-01 2.09627991e-21
1.52             1.50247891e-01 3.03571378e+02 7.51289003e-17 1.50217614e-01 3.03460562e+02 7.51267816e-17 3.02772459e-05 1.10816151e-01 2.11867252e-21
1.52455          1.04100251e-01 3.03795896e+02 7.54985322e-17 1.04069452e-01 3.03684678e+02 7.54965019e-17 3.07987842e-05 1.11218123e-01 2.03033687e-21
1.52909          1.57861781e-01 3.04091607e+02 7.59096935e-17 1.57830351e-01 3.03980118e+02 7.59076473e-17 3.14296652e-05 1.11489045e-01 2.04617722e-21
1.53364          1.67429942e-01 3.04316609e+02 7.63040027e-17 1.67397852e-01 3.04204850e+02 7.63019375e-17 3.20896999e-05 1.11758561e-01 2.06520953e-21
1.53818          1.71539805e-01 3.04620876e+02 7.66857137e-17 1.71507049e-01 3.04508849e+02 7.66836283e-17 3.27559072e-05 1.12027306e-01 2.08542760e-21
1.54273          1.64774483e-01 3.04738732e+02 7.70646385e-17 1.64741025e-01 3.04626437e+02 7.70625314e-17 3.34572831e-05 1.12295099e-01 2.10712576e-21
