# Moment        
# CofR          : (0.00000000e+00 2.40000000e-01 0.00000000e+00)
#
# Time          	total_x total_y total_z	pressure_x pressure_y pressure_z	viscous_x viscous_y viscous_z
0.00304475       -7.71255309e+01 7.10808790e-04 3.41190646e-04 -7.71252446e+01 7.10806617e-04 3.41190217e-04 -2.86257630e-04 2.17319131e-09 4.29643429e-10
0.0154286        -7.69405563e+01 7.91937396e-04 3.80128089e-04 -7.69391471e+01 7.91930531e-04 3.80129513e-04 -1.40919671e-03 6.86565984e-09 -1.42385282e-09
0.0433333        -7.78229322e+01 4.37003429e-04 2.09738552e-04 -7.78190939e+01 4.36989647e-04 2.09757835e-04 -3.83823237e-03 1.37822355e-08 -1.92835824e-08
0.09             -7.82270546e+01 -5.68970137e-04 -2.73138025e-04 -7.82193457e+01 -5.68996924e-04 -2.73117436e-04 -7.70885554e-03 2.67870977e-08 -2.05885217e-08
0.14             -7.86604333e+01 -9.52787339e-04 -4.57370796e-04 -7.86491399e+01 -9.52797639e-04 -4.57350242e-04 -1.12934066e-02 1.03000522e-08 -2.05542882e-08
0.19             -7.88806580e+01 -1.32002724e-03 -6.33619306e-04 -7.88661625e+01 -1.32000087e-03 -6.33612959e-04 -1.44955288e-02 -2.63721011e-08 -6.34646592e-09
0.24             -7.89767076e+01 -1.53785278e-03 -7.37969921e-04 -7.89592997e+01 -1.53777080e-03 -7.38139724e-04 -1.74078457e-02 -8.19799501e-08 1.69803288e-07
0.276667         -7.93295174e+01 -1.07416765e-03 -5.15154698e-04 -7.93104050e+01 -1.07399942e-03 -5.15528510e-04 -1.91124223e-02 -1.68229683e-07 3.73811700e-07
0.31             -7.93087029e+01 -1.23543748e-03 -5.92408612e-04 -7.92879890e+01 -1.23519366e-03 -5.92904897e-04 -2.07138516e-02 -2.43822805e-07 4.96285179e-07
0.343333         -7.93855001e+01 -1.44787544e-03 -6.94259830e-04 -7.93632919e+01 -1.44756283e-03 -6.94837076e-04 -2.22081229e-02 -3.12606385e-07 5.77246400e-07
0.376667         -7.95021602e+01 -1.66133648e-03 -7.96755036e-04 -7.94785517e+01 -1.66100337e-03 -7.97287311e-04 -2.36084853e-02 -3.33106054e-07 5.32275266e-07
0.41             -7.95673761e+01 -2.10745288e-03 -1.01130036e-03 -7.95424932e+01 -2.10719673e-03 -1.01146836e-03 -2.48828639e-02 -2.56145763e-07 1.67996030e-07
0.443333         -7.96621926e+01 -2.15049811e-03 -1.03266245e-03 -7.96362175e+01 -2.15038406e-03 -1.03220705e-03 -2.59750329e-02 -1.14047712e-07 -4.55396953e-07
0.475            -8.02653474e+01 -7.07211577e-04 -3.40596304e-04 -8.02385681e+01 -7.07252163e-04 -3.39485724e-04 -2.67793544e-02 4.05857031e-08 -1.11058018e-06
0.5              -8.02509785e+01 -2.45784624e-03 -1.18125562e-03 -8.02237000e+01 -2.45793026e-03 -1.17983477e-03 -2.72785243e-02 8.40253796e-08 -1.42084397e-06
0.525            -8.04175263e+01 -2.58882842e-03 -1.24376878e-03 -8.03897807e+01 -2.58883726e-03 -1.24267886e-03 -2.77456040e-02 8.83298969e-09 -1.08991885e-06
0.55             -8.06372776e+01 -4.11213201e-03 -1.97465026e-03 -8.06090915e+01 -4.11204659e-03 -1.97382233e-03 -2.81860620e-02 -8.54242887e-08 -8.27929176e-07
0.575            -8.09484502e+01 -3.03716100e-03 -1.45863559e-03 -8.09198001e+01 -3.03709233e-03 -1.45784356e-03 -2.86500690e-02 -6.86630140e-08 -7.92023141e-07
0.596            -8.13984896e+01 -4.17070312e-03 -2.00283706e-03 -8.13694731e+01 -4.17061745e-03 -2.00194680e-03 -2.90165031e-02 -8.56698689e-08 -8.90255940e-07
0.616            -8.17006498e+01 -3.67894015e-03 -1.76702621e-03 -8.16712418e+01 -3.67889801e-03 -1.76592056e-03 -2.94080078e-02 -4.21354526e-08 -1.10564800e-06
0.635            -8.21316220e+01 -4.68408825e-03 -2.24976094e-03 -8.21017818e+01 -4.68408789e-03 -2.24845149e-03 -2.98401828e-02 -3.56327537e-10 -1.30944907e-06
0.651667         -8.24881660e+01 -4.29640004e-03 -2.06385784e-03 -8.24579402e+01 -4.29648059e-03 -2.06236031e-03 -3.02258383e-02 8.05539851e-08 -1.49752573e-06
0.668333         -8.28964821e+01 -5.19857831e-03 -2.49709332e-03 -8.28658704e+01 -5.19871375e-03 -2.49544792e-03 -3.06117130e-02 1.35446239e-07 -1.64540282e-06
0.685            -8.32754819e+01 -5.83837221e-03 -2.80444793e-03 -8.32444631e+01 -5.83854541e-03 -2.80255469e-03 -3.10188053e-02 1.73197588e-07 -1.89324670e-06
0.701667         -8.38064713e+01 -5.26971412e-03 -2.53169148e-03 -8.37750220e+01 -5.26993243e-03 -2.52962997e-03 -3.14492848e-02 2.18310788e-07 -2.06150283e-06
0.718333         -8.44005306e+01 -3.29622000e-03 -1.58454651e-03 -8.43686538e+01 -3.29647252e-03 -1.58236052e-03 -3.18768006e-02 2.52525616e-07 -2.18598508e-06
0.734286         -8.50268021e+01 -3.23771867e-03 -1.55669235e-03 -8.49944418e+01 -3.23802621e-03 -1.55428423e-03 -3.23603225e-02 3.07545709e-07 -2.40811407e-06
0.75             -8.57424852e+01 -4.39503053e-03 -2.11240513e-03 -8.57096298e+01 -4.39540280e-03 -2.10984384e-03 -3.28554322e-02 3.72267120e-07 -2.56128526e-06
0.765714         -8.65635700e+01 -4.53800956e-03 -2.18095706e-03 -8.65301591e+01 -4.53836713e-03 -2.17845097e-03 -3.34108223e-02 3.57575529e-07 -2.50608395e-06
0.78             -8.73092273e+01 -3.98398915e-03 -1.91485839e-03 -8.72753003e+01 -3.98431343e-03 -1.91248613e-03 -3.39270551e-02 3.24275151e-07 -2.37225733e-06
0.794286         -8.81290592e+01 -4.97279481e-03 -2.38961052e-03 -8.80946219e+01 -4.97313702e-03 -2.38714553e-03 -3.44373175e-02 3.42214235e-07 -2.46499147e-06
0.808571         -8.90379566e+01 -4.44440264e-03 -2.13593048e-03 -8.90030066e+01 -4.44475447e-03 -2.13345104e-03 -3.49500400e-02 3.51833842e-07 -2.47943185e-06
0.8225           -9.00060154e+01 -1.66807015e-03 -8.03268012e-04 -8.99705442e+01 -1.66842881e-03 -8.00820843e-04 -3.54711371e-02 3.58664610e-07 -2.44716933e-06
0.835            -9.14305250e+01 -3.68193524e-03 -1.76986975e-03 -9.13945862e+01 -3.68231633e-03 -1.76751184e-03 -3.59387515e-02 3.81089759e-07 -2.35791108e-06
0.8475           -9.25206852e+01 -3.45019533e-03 -1.65865110e-03 -9.24843159e+01 -3.45060084e-03 -1.65629538e-03 -3.63692636e-02 4.05510507e-07 -2.35572123e-06
0.86             -9.35548243e+01 -3.52421353e-03 -1.69430634e-03 -9.35179963e+01 -3.52466596e-03 -1.69185793e-03 -3.68279861e-02 4.52425913e-07 -2.44840720e-06
0.871111         -9.45893448e+01 -1.68611471e-03 -8.11988959e-04 -9.45520483e+01 -1.68657297e-03 -8.09568803e-04 -3.72964875e-02 4.58252571e-07 -2.42015608e-06
0.882222         -9.57537621e+01 -2.27126766e-03 -1.09281661e-03 -9.57160261e+01 -2.27172833e-03 -1.09040748e-03 -3.77360012e-02 4.60669101e-07 -2.40913290e-06
0.893333         -9.66347602e+01 -5.22907944e-03 -2.51265009e-03 -9.65965650e+01 -5.22952812e-03 -2.51018730e-03 -3.81952055e-02 4.48679973e-07 -2.46279184e-06
0.904444         -9.78529760e+01 -2.92593581e-03 -1.40658547e-03 -9.78143269e+01 -2.92626755e-03 -1.40462600e-03 -3.86491510e-02 3.31743512e-07 -1.95947139e-06
0.915            -9.91616772e+01 -2.74372795e-03 -1.31885859e-03 -9.91225751e+01 -2.74398108e-03 -1.31714949e-03 -3.91020373e-02 2.53135156e-07 -1.70909488e-06
0.925            -1.00147886e+02 -2.15398531e-03 -1.03558146e-03 -1.00108345e+02 -2.15421528e-03 -1.03405600e-03 -3.95408227e-02 2.29963428e-07 -1.52545969e-06
0.935            -1.01478772e+02 -2.42171804e-03 -1.16398990e-03 -1.01438796e+02 -2.42195259e-03 -1.16254426e-03 -3.99761485e-02 2.34545238e-07 -1.44563777e-06
0.945            -1.02619101e+02 -2.71800274e-03 -1.30641663e-03 -1.02578710e+02 -2.71829389e-03 -1.30486029e-03 -4.03910660e-02 2.91150493e-07 -1.55633620e-06
0.955            -1.03863079e+02 -2.38825949e-03 -1.14846602e-03 -1.03822358e+02 -2.38866915e-03 -1.14659524e-03 -4.07214685e-02 4.09660240e-07 -1.87077392e-06
0.964545         -1.05263936e+02 -1.12104568e-03 -5.40467175e-04 -1.05222962e+02 -1.12157307e-03 -5.38395211e-04 -4.09740306e-02 5.27394131e-07 -2.07196340e-06
0.973636         -1.06486449e+02 -2.34379873e-03 -1.12764181e-03 -1.06445317e+02 -2.34442383e-03 -1.12535120e-03 -4.11325050e-02 6.25097577e-07 -2.29061156e-06
0.982727         -1.07751044e+02 -1.76166621e-03 -8.48477622e-04 -1.07709786e+02 -1.76238206e-03 -8.45992330e-04 -4.12577465e-02 7.15849740e-07 -2.48529280e-06
0.991818         -1.08732457e+02 -3.14630110e-03 -1.51325468e-03 -1.08691079e+02 -3.14710452e-03 -1.51059921e-03 -4.13778614e-02 8.03420404e-07 -2.65546551e-06
1.00091          -1.09935607e+02 -9.02514213e-04 -4.36420054e-04 -1.09894097e+02 -9.03384612e-04 -4.33682830e-04 -4.15098916e-02 8.70398818e-07 -2.73722361e-06
1.01             -1.10825465e+02 -1.53509955e-03 -7.39951032e-04 -1.10783855e+02 -1.53596907e-03 -7.37374945e-04 -4.16099010e-02 8.69523990e-07 -2.57608676e-06
1.01909          -1.12190622e+02 -1.32233316e-03 -6.37468162e-04 -1.12148926e+02 -1.32316684e-03 -6.35183833e-04 -4.16960606e-02 8.33681504e-07 -2.28432927e-06
1.02818          -1.13354866e+02 -1.26751152e-04 -6.33625815e-05 -1.13313057e+02 -1.27569477e-04 -6.13080540e-05 -4.18088290e-02 8.18325445e-07 -2.05452746e-06
1.03667          -1.14398098e+02 1.49224204e-03 7.14060853e-04 -1.14356136e+02 1.49146158e-03 7.15856551e-04 -4.19617968e-02 7.80466702e-07 -1.79569829e-06
1.045            -1.15300503e+02 -7.48680061e-04 -3.61365342e-04 -1.15258372e+02 -7.49432801e-04 -3.59801891e-04 -4.21309074e-02 7.52740172e-07 -1.56345047e-06
1.05333          -1.16431235e+02 3.13049959e-04 1.48614436e-04 -1.16388921e+02 3.12369812e-04 1.49841750e-04 -4.23146923e-02 6.80147402e-07 -1.22731360e-06
1.06167          -1.17054973e+02 -9.45041885e-04 -4.55072070e-04 -1.17012413e+02 -9.45658669e-04 -4.54052182e-04 -4.25600669e-02 6.16783927e-07 -1.01988752e-06
1.07             -1.17769298e+02 -1.72003165e-04 -8.36175963e-05 -1.17726428e+02 -1.72539918e-04 -8.29499799e-05 -4.28692529e-02 5.36752867e-07 -6.67616406e-07
1.07833          -1.18963483e+02 2.33483651e-03 1.12009254e-03 -1.18920273e+02 2.33438753e-03 1.12041800e-03 -4.32093945e-02 4.48976301e-07 -3.25463013e-07
1.08667          -1.20020943e+02 2.04569336e-03 9.81511839e-04 -1.19977390e+02 2.04525766e-03 9.81672323e-04 -4.35524997e-02 4.35702582e-07 -1.60484705e-07
1.095            -1.21075621e+02 4.18390963e-03 2.00823145e-03 -1.21031735e+02 4.18354890e-03 2.00796360e-03 -4.38860338e-02 3.60725318e-07 2.67851614e-07
1.10333          -1.22082008e+02 2.58928679e-03 1.24376042e-03 -1.22037779e+02 2.58913012e-03 1.24268236e-03 -4.42291168e-02 1.56661474e-07 1.07805722e-06
1.11167          -1.23059085e+02 4.46293638e-03 2.14339643e-03 -1.23014537e+02 4.46281593e-03 2.14204216e-03 -4.45482818e-02 1.20455126e-07 1.35426678e-06
1.12             -1.23841191e+02 7.17358642e-03 3.44452381e-03 -1.23796332e+02 7.17345088e-03 3.44308893e-03 -4.48597792e-02 1.35536701e-07 1.43488396e-06
1.12833          -1.24994052e+02 4.91136639e-03 2.35918043e-03 -1.24948867e+02 4.91131936e-03 2.35728288e-03 -4.51851152e-02 4.70279060e-08 1.89754540e-06
1.13667          -1.26329401e+02 8.65545568e-03 4.15672469e-03 -1.26283951e+02 8.65547780e-03 4.15449201e-03 -4.54506987e-02 -2.21164949e-08 2.23268480e-06
1.145            -1.27704412e+02 -8.78141843e-03 -4.21060653e-03 -1.27658781e+02 -8.78100036e-03 -4.21438293e-03 -4.56308035e-02 -4.18069232e-07 3.77639992e-06
1.15308          -1.28733429e+02 1.33273735e-02 6.39990470e-03 -1.28687530e+02 1.33275196e-02 6.39721594e-03 -4.58987419e-02 -1.46116010e-07 2.68875840e-06
1.16077          -1.29577444e+02 1.12622896e-02 5.40741325e-03 -1.29531349e+02 1.12621259e-02 5.40572055e-03 -4.60949727e-02 1.63713850e-07 1.69269834e-06
1.16846          -1.30584031e+02 1.03613473e-02 4.97438413e-03 -1.30537727e+02 1.03610226e-02 4.97313096e-03 -4.63042239e-02 3.24700304e-07 1.25317506e-06
1.17615          -1.31388098e+02 1.12511841e-02 5.40108270e-03 -1.31341588e+02 1.12507254e-02 5.40024944e-03 -4.65099577e-02 4.58681114e-07 8.33262197e-07
1.18357          -1.32459383e+02 1.17065519e-02 5.61906462e-03 -1.32412620e+02 1.17059449e-02 5.61875911e-03 -4.67636549e-02 6.07014781e-07 3.05505255e-07
1.19071          -1.32922279e+02 7.20830875e-03 3.45929685e-03 -1.32875324e+02 7.20753035e-03 3.45954688e-03 -4.69552431e-02 7.78407243e-07 -2.50025993e-07
1.19786          -1.33473104e+02 1.34765853e-02 6.46721995e-03 -1.33425942e+02 1.34755838e-02 6.46812811e-03 -4.71618454e-02 1.00148254e-06 -9.08166669e-07
1.205            -1.33865280e+02 1.61044485e-02 7.72802808e-03 -1.33817888e+02 1.61032604e-02 7.72943585e-03 -4.73926158e-02 1.18812453e-06 -1.40777353e-06
1.21214          -1.34454654e+02 1.52242691e-02 7.30501585e-03 -1.34407017e+02 1.52228966e-02 7.30685830e-03 -4.76366204e-02 1.37247018e-06 -1.84245448e-06
1.21929          -1.35050838e+02 1.18309755e-02 5.67582328e-03 -1.35002954e+02 1.18294335e-02 5.67807607e-03 -4.78830815e-02 1.54202068e-06 -2.25279485e-06
1.226            -1.35625200e+02 1.61737483e-02 7.75995081e-03 -1.35577032e+02 1.61720831e-02 7.76246399e-03 -4.81682332e-02 1.66525762e-06 -2.51317766e-06
1.23267          -1.36523414e+02 1.82280313e-02 8.74570402e-03 -1.36475036e+02 1.82262840e-02 8.74840789e-03 -4.83774653e-02 1.74729698e-06 -2.70386996e-06
1.23933          -1.36758619e+02 2.32716337e-02 1.11661626e-02 -1.36710031e+02 2.32697303e-02 1.11692897e-02 -4.85881042e-02 1.90345046e-06 -3.12703537e-06
1.246            -1.36863410e+02 1.91071056e-02 9.16670009e-03 -1.36814616e+02 1.91050473e-02 9.17027084e-03 -4.87942361e-02 2.05834600e-06 -3.57075215e-06
1.25267          -1.36974945e+02 2.07692492e-02 9.96420073e-03 -1.36925954e+02 2.07670714e-02 9.96803518e-03 -4.89911115e-02 2.17779078e-06 -3.83444578e-06
1.25933          -1.37172675e+02 2.22725434e-02 1.06855316e-02 -1.37123482e+02 2.22702628e-02 1.06895756e-02 -4.91932255e-02 2.28059441e-06 -4.04395517e-06
1.266            -1.37273233e+02 2.32184678e-02 1.11393664e-02 -1.37223840e+02 2.32160849e-02 1.11436126e-02 -4.93938235e-02 2.38290138e-06 -4.24615140e-06
1.2725           -1.37622823e+02 2.24482900e-02 1.07692975e-02 -1.37573175e+02 2.24457745e-02 1.07738254e-02 -4.96475307e-02 2.51546008e-06 -4.52787913e-06
1.27875          -1.37556354e+02 2.33389462e-02 1.11966789e-02 -1.37506525e+02 2.33363346e-02 1.12013615e-02 -4.98286039e-02 2.61157370e-06 -4.68265946e-06
1.285            -1.37574281e+02 2.59969566e-02 1.24720777e-02 -1.37524267e+02 2.59941947e-02 1.24770635e-02 -5.00139337e-02 2.76190666e-06 -4.98573727e-06
1.29125          -1.37640035e+02 2.97312886e-02 1.42640296e-02 -1.37589845e+02 2.97283698e-02 1.42693212e-02 -5.01904182e-02 2.91878822e-06 -5.29163531e-06
1.2975           -1.37640570e+02 2.49857796e-02 1.19861376e-02 -1.37590212e+02 2.49827260e-02 1.19916428e-02 -5.03575793e-02 3.05356880e-06 -5.50514721e-06
1.30375          -1.37598708e+02 2.89843719e-02 1.39050766e-02 -1.37548196e+02 2.89811787e-02 1.39108404e-02 -5.05118548e-02 3.19311753e-06 -5.76376976e-06
1.31             -1.37616097e+02 3.41400697e-02 1.63796971e-02 -1.37565449e+02 3.41367408e-02 1.63857020e-02 -5.06477598e-02 3.32891657e-06 -6.00486850e-06
1.31625          -1.37658907e+02 2.87482741e-02 1.37915666e-02 -1.37608145e+02 2.87448812e-02 1.37974907e-02 -5.07620235e-02 3.39296483e-06 -5.92415201e-06
1.32235          -1.37957675e+02 3.69495638e-02 1.77276282e-02 -1.37906759e+02 3.69460622e-02 1.77336693e-02 -5.09165775e-02 3.50167880e-06 -6.04107510e-06
1.32824          -1.37974590e+02 3.33045989e-02 1.59783739e-02 -1.37923582e+02 3.33010224e-02 1.59844194e-02 -5.10082315e-02 3.57651918e-06 -6.04550221e-06
1.33412          -1.38002847e+02 3.26572797e-02 1.56673525e-02 -1.37951749e+02 3.26535798e-02 1.56736677e-02 -5.10980107e-02 3.69991579e-06 -6.31520874e-06
1.34             -1.38187393e+02 3.49842926e-02 1.67836982e-02 -1.38136202e+02 3.49804188e-02 1.67905292e-02 -5.11910752e-02 3.87375142e-06 -6.83101195e-06
1.34588          -1.38362631e+02 3.55076738e-02 1.70342825e-02 -1.38311352e+02 3.55036203e-02 1.70417198e-02 -5.12793158e-02 4.05348878e-06 -7.43728479e-06
1.35176          -1.38608317e+02 3.81707047e-02 1.83116899e-02 -1.38556956e+02 3.81664205e-02 1.83198414e-02 -5.13613361e-02 4.28427183e-06 -8.15148071e-06
1.35765          -1.38960198e+02 4.06633486e-02 1.95070677e-02 -1.38908759e+02 4.06587620e-02 1.95161745e-02 -5.14391764e-02 4.58655367e-06 -9.10681876e-06
1.36333          -1.39386606e+02 4.45010917e-02 2.13480312e-02 -1.39335045e+02 4.44961738e-02 2.13581510e-02 -5.15614850e-02 4.91787856e-06 -1.01197352e-05
1.36889          -1.39756303e+02 4.43968095e-02 2.12967675e-02 -1.39704682e+02 4.43915510e-02 2.13079303e-02 -5.16207402e-02 5.25854047e-06 -1.11628138e-05
1.37444          -1.40129233e+02 4.49710116e-02 2.15710412e-02 -1.40077555e+02 4.49653730e-02 2.15833579e-02 -5.16779806e-02 5.63854698e-06 -1.23166902e-05
1.38             -1.40566334e+02 4.55388972e-02 2.18422347e-02 -1.40514597e+02 4.55328642e-02 2.18557354e-02 -5.17373450e-02 6.03295439e-06 -1.35006659e-05
1.38556          -1.41053643e+02 5.41325738e-02 2.59656170e-02 -1.41001840e+02 5.41261425e-02 2.59803503e-02 -5.18029758e-02 6.43128500e-06 -1.47332812e-05
1.39105          -1.41997939e+02 5.11387891e-02 2.45273916e-02 -1.41946022e+02 5.11319919e-02 2.45432742e-02 -5.19167170e-02 6.79726788e-06 -1.58825627e-05
1.39632          -1.42246669e+02 5.29329238e-02 2.53875678e-02 -1.42194678e+02 5.29257663e-02 2.54045582e-02 -5.19915693e-02 7.15751481e-06 -1.69903401e-05
1.40158          -1.42770442e+02 5.61204072e-02 2.69158254e-02 -1.42718382e+02 5.61128624e-02 2.69340401e-02 -5.20604068e-02 7.54485813e-06 -1.82146546e-05
1.40684          -1.43377970e+02 4.84152451e-02 2.32159865e-02 -1.43325832e+02 4.84073210e-02 2.32353982e-02 -5.21382600e-02 7.92405132e-06 -1.94117044e-05
1.41211          -1.43909028e+02 5.39691087e-02 2.58804162e-02 -1.43856804e+02 5.39607828e-02 2.59011126e-02 -5.22235580e-02 8.32587124e-06 -2.06964135e-05
1.41737          -1.44390177e+02 5.57882203e-02 2.67520412e-02 -1.44337861e+02 5.57794919e-02 2.67740375e-02 -5.23162835e-02 8.72841043e-06 -2.19963570e-05
1.4225           -1.45195766e+02 5.79317483e-02 2.77797243e-02 -1.45143300e+02 5.79226598e-02 2.78028246e-02 -5.24661522e-02 9.08848852e-06 -2.31002531e-05
1.4275           -1.45744669e+02 5.97014265e-02 2.86277125e-02 -1.45692104e+02 5.96919852e-02 2.86519942e-02 -5.25649752e-02 9.44131069e-06 -2.42816964e-05
1.4325           -1.46370464e+02 5.75707234e-02 2.76039918e-02 -1.46317790e+02 5.75610086e-02 2.76291422e-02 -5.26739805e-02 9.71480606e-06 -2.51504240e-05
1.4375           -1.46947798e+02 9.87791210e-02 4.73823235e-02 -1.46895007e+02 9.87690765e-02 4.74085309e-02 -5.27912647e-02 1.00445468e-05 -2.62073822e-05
1.4425           -1.47410930e+02 6.37723812e-02 3.05786200e-02 -1.47358012e+02 6.37620420e-02 3.06056881e-02 -5.29182503e-02 1.03392417e-05 -2.70680984e-05
1.4475           -1.47961328e+02 6.80750434e-02 3.26429042e-02 -1.47908274e+02 6.80644430e-02 3.26707404e-02 -5.30537786e-02 1.06003701e-05 -2.78362782e-05
1.4525           -1.48343027e+02 6.74544123e-02 3.23441010e-02 -1.48289829e+02 6.74435283e-02 3.23728201e-02 -5.31980798e-02 1.08840337e-05 -2.87191724e-05
1.4575           -1.48636791e+02 1.00202790e-01 4.80625172e-02 -1.48583441e+02 1.00191622e-01 4.80921131e-02 -5.33495346e-02 1.11672777e-05 -2.95958802e-05
1.4625           -1.49079847e+02 6.32468417e-02 3.03225870e-02 -1.49026341e+02 6.32354239e-02 3.03528376e-02 -5.35064472e-02 1.14177956e-05 -3.02506083e-05
1.4675           -1.49414007e+02 6.65048817e-02 3.18856751e-02 -1.49360345e+02 6.64932021e-02 3.19166813e-02 -5.36624828e-02 1.16796487e-05 -3.10061944e-05
1.47238          -1.49933053e+02 6.45415800e-02 3.09422329e-02 -1.49879181e+02 6.45296375e-02 3.09739795e-02 -5.38724799e-02 1.19424890e-05 -3.17466014e-05
1.47714          -1.50117947e+02 7.23868689e-02 3.47071597e-02 -1.50063928e+02 7.23746526e-02 3.47396826e-02 -5.40189107e-02 1.22162121e-05 -3.25229120e-05
1.4819           -1.50539012e+02 7.36799220e-02 3.53272260e-02 -1.50484846e+02 7.36674852e-02 3.53602678e-02 -5.41666752e-02 1.24367318e-05 -3.30417447e-05
1.48667          -1.50911137e+02 7.18849494e-02 3.44644892e-02 -1.50856822e+02 7.18722519e-02 3.44982839e-02 -5.43149188e-02 1.26974440e-05 -3.37947516e-05
1.49143          -1.51061396e+02 7.21452134e-02 3.45885328e-02 -1.51006929e+02 7.21322371e-02 3.46231380e-02 -5.44674095e-02 1.29763163e-05 -3.46052102e-05
1.49619          -1.51201398e+02 8.44770646e-02 4.05074627e-02 -1.51146772e+02 8.44638301e-02 4.05427874e-02 -5.46259597e-02 1.32345071e-05 -3.53247358e-05
1.50095          -1.51354387e+02 7.95969363e-02 3.81634042e-02 -1.51299600e+02 7.95833184e-02 3.81997280e-02 -5.47866709e-02 1.36179133e-05 -3.63237548e-05
1.50571          -1.51436472e+02 7.39284586e-02 3.54412716e-02 -1.51381527e+02 7.39144577e-02 3.54786022e-02 -5.49451353e-02 1.40008926e-05 -3.73306359e-05
1.51048          -1.51574067e+02 7.58874573e-02 3.63805988e-02 -1.51518965e+02 7.58731343e-02 3.64187234e-02 -5.51024475e-02 1.43229985e-05 -3.81245620e-05
1.51524          -1.51709097e+02 7.82181416e-02 3.74982335e-02 -1.51653840e+02 7.82034035e-02 3.75373714e-02 -5.52570387e-02 1.47380772e-05 -3.91379586e-05
1.52             -1.51785689e+02 7.51239456e-02 3.60117072e-02 -1.51730281e+02 7.51088070e-02 3.60518815e-02 -5.54080757e-02 1.51386229e-05 -4.01742643e-05
1.52455          -1.51897948e+02 5.20501255e-02 2.49347382e-02 -1.51842339e+02 5.20347261e-02 2.49756721e-02 -5.56090613e-02 1.53993921e-05 -4.09339264e-05
1.52909          -1.52045803e+02 7.89308906e-02 3.78371614e-02 -1.51990059e+02 7.89151757e-02 3.78790074e-02 -5.57445224e-02 1.57148326e-05 -4.18459628e-05
1.53364          -1.52158305e+02 8.37149708e-02 4.01325519e-02 -1.52102425e+02 8.36989260e-02 4.01753638e-02 -5.58792807e-02 1.60448499e-05 -4.28118972e-05
1.53818          -1.52310438e+02 8.57699026e-02 4.11178994e-02 -1.52254425e+02 8.57535246e-02 4.11616341e-02 -5.60136531e-02 1.63779536e-05 -4.37346814e-05
1.54273          -1.52369366e+02 8.23872414e-02 3.94930098e-02 -1.52313219e+02 8.23705127e-02 3.95377559e-02 -5.61475497e-02 1.67286415e-05 -4.47460472e-05
