# Force and moment coefficients
# dragDir       : (0.00000000e+00 -1.00000000e+00 0.00000000e+00)
# sideDir       : (0.00000000e+00 0.00000000e+00 -1.00000000e+00)
# liftDir       : (1.00000000e+00 0.00000000e+00 0.00000000e+00)
# rollAxis      : (0.00000000e+00 -1.00000000e+00 0.00000000e+00)
# pitchAxis     : (0.00000000e+00 0.00000000e+00 -1.00000000e+00)
# yawAxis       : (1.00000000e+00 0.00000000e+00 0.00000000e+00)
# magUInf       : 1.00000000e+00
# lRef          : 4.00000000e-02
# Aref          : 1.25660000e-03
# CofR          : (0.00000000e+00 2.40000000e-01 0.00000000e+00)
#
# Time          	Cd              	Cd(f)           	Cd(r)           	Cl              	Cl(f)           	Cl(r)           	CmPitch         	CmRoll          	CmYaw           	Cs              	Cs(f)           	Cs(r)           
0.00304475      	-2.04587858e+05	-1.02317498e+05	-1.02270360e+05	1.88553448e+00	-1.03705201e+01	1.22560546e+01	-1.13132874e+01	-2.35691810e+01	-2.55734823e+06	-3.99331796e-15	-2.55734823e+06	2.55734823e+06
0.0154286       	-2.04097184e+05	-1.02074851e+05	-1.02022333e+05	2.10074114e+00	-1.15540146e+01	1.36547557e+01	-1.26043852e+01	-2.62592643e+01	-2.55121480e+06	-3.98749985e-15	-2.55121480e+06	2.55121480e+06
0.0433333       	-2.06437827e+05	-1.03233404e+05	-1.03204423e+05	1.15922179e+00	-6.37495406e+00	7.53417584e+00	-6.95456495e+00	-1.44902723e+01	-2.58047284e+06	-4.06576902e-15	-2.58047284e+06	2.58047284e+06
0.09            	-2.07509827e+05	-1.03736047e+05	-1.03773780e+05	-1.50928468e+00	8.30213868e+00	-9.81142335e+00	9.05678102e+00	1.88660584e+01	-2.59387284e+06	-4.27504905e-15	-2.59387284e+06	2.59387284e+06
0.14            	-2.08659434e+05	-1.04298124e+05	-1.04361310e+05	-2.52742145e+00	1.39019080e+01	-1.64293295e+01	1.51656187e+01	3.15927682e+01	-2.60824292e+06	-4.70117481e-15	-2.60824292e+06	2.60824292e+06
0.19            	-2.09243615e+05	-1.04578038e+05	-1.04665577e+05	-3.50158429e+00	1.92589201e+01	-2.27605044e+01	2.10097122e+01	4.37698036e+01	-2.61554519e+06	-5.31687167e-15	-2.61554519e+06	2.61554519e+06
0.24            	-2.09498402e+05	-1.04698208e+05	-1.04800194e+05	-4.07940151e+00	2.24300961e+01	-2.65094976e+01	2.44697968e+01	5.09925188e+01	-2.61873003e+06	-6.12234864e-15	-2.61873003e+06	2.61873003e+06
0.276667        	-2.10434287e+05	-1.05181526e+05	-1.05252761e+05	-2.84940223e+00	1.56569311e+01	-1.85063334e+01	1.70816323e+01	3.56175279e+01	-2.63042858e+06	-6.84242605e-15	-2.63042858e+06	2.63042858e+06
0.31            	-2.10379073e+05	-1.05148571e+05	-1.05230501e+05	-3.27719635e+00	1.80046393e+01	-2.12818356e+01	1.96432374e+01	4.09649543e+01	-2.62973841e+06	-7.57585899e-15	-2.62973841e+06	2.62973841e+06
0.343333        	-2.10582790e+05	-1.05243386e+05	-1.05339404e+05	-3.84072215e+00	2.11000853e+01	-2.49408074e+01	2.30204464e+01	4.80090269e+01	-2.63228487e+06	-8.39233718e-15	-2.63228487e+06	2.63228487e+06
0.376667        	-2.10892249e+05	-1.05391038e+05	-1.05501212e+05	-4.40696185e+00	2.42155279e+01	-2.86224897e+01	2.64190088e+01	5.50870231e+01	-2.63615312e+06	-9.29297828e-15	-2.63615312e+06	2.63615312e+06
0.41            	-2.11065245e+05	-1.05462743e+05	-1.05602502e+05	-5.59035726e+00	3.07377795e+01	-3.63281367e+01	3.35329581e+01	6.98794657e+01	-2.63831556e+06	-1.02637059e-14	-2.63831556e+06	2.63831556e+06
0.443333        	-2.11316761e+05	-1.05587074e+05	-1.05729687e+05	-5.70454165e+00	3.13890168e+01	-3.70935585e+01	3.42412876e+01	7.13067706e+01	-2.64145951e+06	-1.13124607e-14	-2.64145951e+06	2.64145951e+06
0.475           	-2.12916726e+05	-1.06434913e+05	-1.06481813e+05	-1.87599230e+00	1.03555839e+01	-1.22315762e+01	1.12935800e+01	2.34499037e+01	-2.66145908e+06	-1.23215336e-14	-2.66145908e+06	2.66145908e+06
0.5             	-2.12878610e+05	-1.06357807e+05	-1.06520803e+05	-6.51983192e+00	3.59084622e+01	-4.24282941e+01	3.91683782e+01	8.14978990e+01	-2.66098263e+06	-1.33195353e-14	-2.66098263e+06	2.66098263e+06
0.525           	-2.13320405e+05	-1.06574362e+05	-1.06746044e+05	-6.86728321e+00	3.78075642e+01	-4.46748474e+01	4.12412058e+01	8.58410401e+01	-2.66650506e+06	-1.42857932e-14	-2.66650506e+06	2.66650506e+06
0.55            	-2.13903331e+05	-1.06815314e+05	-1.07088016e+05	-1.09080906e+01	6.00219170e+01	-7.09300076e+01	6.54759623e+01	1.36351133e+02	-2.67379163e+06	-1.52867092e-14	-2.67379163e+06	2.67379163e+06
0.575           	-2.14728766e+05	-1.07263676e+05	-1.07465090e+05	-8.05655737e+00	4.43375360e+01	-5.23940934e+01	4.83658147e+01	1.00706967e+02	-2.68410957e+06	-1.63410805e-14	-2.68410957e+06	2.68410957e+06
0.596           	-2.15922568e+05	-1.07822991e+05	-1.08099577e+05	-1.10634599e+01	6.08788575e+01	-7.19423174e+01	6.64105874e+01	1.38293249e+02	-2.69903210e+06	-1.72329111e-14	-2.69903210e+06	2.69903210e+06
0.616           	-2.16724096e+05	-1.08240061e+05	-1.08484035e+05	-9.75897964e+00	5.37120206e+01	-6.34710002e+01	5.85915104e+01	1.21987246e+02	-2.70905120e+06	-1.81734858e-14	-2.70905120e+06	2.70905120e+06
0.635           	-2.17867319e+05	-1.08778343e+05	-1.09088976e+05	-1.24252964e+01	6.83855049e+01	-8.08108013e+01	7.45981531e+01	1.55316205e+02	-2.72334149e+06	-1.89616843e-14	-2.72334149e+06	2.72334149e+06
0.651667        	-2.18813110e+05	-1.09264094e+05	-1.09549016e+05	-1.13968912e+01	6.27354845e+01	-7.41323757e+01	6.84339301e+01	1.42461140e+02	-2.73516387e+06	-1.98776192e-14	-2.73516387e+06	2.73516387e+06
0.668333        	-2.19896234e+05	-1.09775741e+05	-1.10120493e+05	-1.37900639e+01	7.59042319e+01	-8.96942959e+01	8.27992639e+01	1.72375799e+02	-2.74870292e+06	-2.07189831e-14	-2.74870292e+06	2.74870292e+06
0.685           	-2.20901591e+05	-1.10257205e+05	-1.10644386e+05	-1.54872200e+01	8.52469974e+01	-1.00734217e+02	9.29906074e+01	1.93590250e+02	-2.76126989e+06	-2.15722735e-14	-2.76126989e+06	2.76126989e+06
0.701667        	-2.22310126e+05	-1.10980328e+05	-1.11329798e+05	-1.39787631e+01	7.69570969e+01	-9.09358600e+01	8.39464785e+01	1.74734539e+02	-2.77887657e+06	-2.24624656e-14	-2.77887657e+06	2.77887657e+06
0.718333        	-2.23885964e+05	-1.11833685e+05	-1.12052279e+05	-8.74375298e+00	4.81689249e+01	-5.69126779e+01	5.25408014e+01	1.09296912e+02	-2.79857455e+06	-2.33860922e-14	-2.79857455e+06	2.79857455e+06
0.734286        	-2.25547249e+05	-1.12666268e+05	-1.12880982e+05	-8.58856880e+00	4.73229216e+01	-5.59114904e+01	5.16172060e+01	1.07357110e+02	-2.81934062e+06	-2.41225728e-14	-2.81934062e+06	2.81934062e+06
0.75            	-2.27445714e+05	-1.13577125e+05	-1.13868588e+05	-1.16585244e+01	6.42144115e+01	-7.58729359e+01	7.00436737e+01	1.45731555e+02	-2.84307142e+06	-2.52340616e-14	-2.84307142e+06	2.84307142e+06
0.765714        	-2.29623773e+05	-1.14661414e+05	-1.14962359e+05	-1.20377992e+01	6.62978366e+01	-7.83356358e+01	7.23167362e+01	1.50472490e+02	-2.87029716e+06	-2.60094070e-14	-2.87029716e+06	2.87029716e+06
0.78            	-2.31601749e+05	-1.15668772e+05	-1.15932977e+05	-1.05681711e+01	5.82092825e+01	-6.87774536e+01	6.34933681e+01	1.32102139e+02	-2.89502186e+06	-2.69685367e-14	-2.89502186e+06	2.89502186e+06
0.794286        	-2.33776485e+05	-1.16723353e+05	-1.17053132e+05	-1.31911369e+01	7.26397531e+01	-8.58308901e+01	7.92353216e+01	1.64889212e+02	-2.92220606e+06	-2.78874961e-14	-2.92220606e+06	2.92220606e+06
0.808571        	-2.36187481e+05	-1.17946372e+05	-1.18241109e+05	-1.17894918e+01	6.49289873e+01	-7.67184791e+01	7.08237332e+01	1.47368648e+02	-2.95234351e+06	-2.88483579e-14	-2.95234351e+06	2.95234351e+06
0.8225          	-2.38755412e+05	-1.19322396e+05	-1.19433017e+05	-4.42482398e+00	2.44225558e+01	-2.88473798e+01	2.66349678e+01	5.53102998e+01	-2.98444266e+06	-2.95420139e-14	-2.98444266e+06	2.98444266e+06
0.835           	-2.42534153e+05	-1.21144990e+05	-1.21389163e+05	-9.76692462e+00	5.38023352e+01	-6.35692598e+01	5.86857975e+01	1.22086558e+02	-3.03167691e+06	-3.06798558e-14	-3.03167691e+06	3.03167691e+06
0.8475          	-2.45425978e+05	-1.22598587e+05	-1.22827391e+05	-9.15219727e+00	5.04218819e+01	-5.95740792e+01	5.49979806e+01	1.14402466e+02	-3.06782473e+06	-3.15965985e-14	-3.06782473e+06	3.06782473e+06
0.86            	-2.48169198e+05	-1.23967742e+05	-1.24201456e+05	-9.34854245e+00	5.15059749e+01	-6.08545174e+01	5.61802461e+01	1.16856781e+02	-3.10211498e+06	-3.24952351e-14	-3.10211498e+06	3.10211498e+06
0.871111        	-2.50913430e+05	-1.25400806e+05	-1.25512624e+05	-4.47269010e+00	2.46877941e+01	-2.91604842e+01	2.69241392e+01	5.59086263e+01	-3.13641787e+06	-3.32827034e-14	-3.13641787e+06	3.13641787e+06
0.882222        	-2.54002234e+05	-1.26925806e+05	-1.27076428e+05	-6.02490227e+00	3.32234437e+01	-3.92483459e+01	3.62358948e+01	7.53112784e+01	-3.17502792e+06	-3.41870720e-14	-3.17502792e+06	3.17502792e+06
0.893333        	-2.56339223e+05	-1.27996224e+05	-1.28342999e+05	-1.38709731e+01	7.63796127e+01	-9.02505858e+01	8.33150993e+01	1.73387164e+02	-3.20424028e+06	-3.50042920e-14	-3.20424028e+06	3.20424028e+06
0.904444        	-2.59570736e+05	-1.29688349e+05	-1.29882387e+05	-7.76151469e+00	4.27591663e+01	-5.05206810e+01	4.66399236e+01	9.70189337e+01	-3.24463420e+06	-3.58741485e-14	-3.24463420e+06	3.24463420e+06
0.915           	-2.63042276e+05	-1.31430161e+05	-1.31612115e+05	-7.27817908e+00	4.00919634e+01	-4.73701425e+01	4.37310529e+01	9.09772385e+01	-3.28802845e+06	-3.66587537e-14	-3.28802845e+06	3.28802845e+06
0.925           	-2.65658353e+05	-1.32757754e+05	-1.32900599e+05	-5.71379201e+00	3.14811810e+01	-3.71949730e+01	3.43380770e+01	7.14224002e+01	-3.32072942e+06	-3.76299981e-14	-3.32072942e+06	3.32072942e+06
0.935           	-2.69188741e+05	-1.34514071e+05	-1.34674671e+05	-6.42399608e+00	3.53838789e+01	-4.18078750e+01	3.85958770e+01	8.02999510e+01	-3.36485927e+06	-3.85917934e-14	-3.36485927e+06	3.36485927e+06
0.945           	-2.72213648e+05	-1.36016700e+05	-1.36196948e+05	-7.20993882e+00	3.97135298e+01	-4.69234686e+01	4.33184992e+01	9.01242352e+01	-3.40267059e+06	-3.95219183e-14	-3.40267059e+06	3.40267059e+06
0.955           	-2.75513501e+05	-1.37677560e+05	-1.37835941e+05	-6.33524189e+00	3.49135113e+01	-4.12487532e+01	3.80811322e+01	7.91905236e+01	-3.44391876e+06	-4.05075565e-14	-3.44391876e+06	3.44391876e+06
0.964545        	-2.79229498e+05	-1.39577577e+05	-1.39651921e+05	-2.97375373e+00	1.64340730e+01	-1.94078267e+01	1.79209499e+01	3.71719216e+01	-3.49036873e+06	-4.13624261e-14	-3.49036873e+06	3.49036873e+06
0.973636        	-2.82472411e+05	-1.41158489e+05	-1.41313922e+05	-6.21730259e+00	3.42819864e+01	-4.04992890e+01	3.73906377e+01	7.77162824e+01	-3.53090514e+06	-4.24074161e-14	-3.53090514e+06	3.53090514e+06
0.982727        	-2.85826951e+05	-1.42855062e+05	-1.42971889e+05	-4.67310258e+00	2.57974884e+01	-3.04705910e+01	2.81340397e+01	5.84137822e+01	-3.57283689e+06	-4.34055880e-14	-3.57283689e+06	3.57283689e+06
0.991818        	-2.88430307e+05	-1.44110828e+05	-1.44319480e+05	-8.34606901e+00	4.60038541e+01	-5.43499231e+01	5.01768886e+01	1.04325863e+02	-3.60537884e+06	-4.43494754e-14	-3.60537884e+06	3.60537884e+06
1.00091         	-2.91621854e+05	-1.45781001e+05	-1.45840853e+05	-2.39406391e+00	1.32738967e+01	-1.56679606e+01	1.44709286e+01	2.99257989e+01	-3.64527318e+06	-4.53373447e-14	-3.64527318e+06	3.64527318e+06
1.01            	-2.93982346e+05	-1.46940272e+05	-1.47042074e+05	-4.07209812e+00	2.24994380e+01	-2.65715361e+01	2.45354870e+01	5.09012265e+01	-3.67477933e+06	-4.62733584e-14	-3.67477933e+06	3.67477933e+06
1.01909         	-2.97603645e+05	-1.48757976e+05	-1.48845669e+05	-3.50770109e+00	1.93834831e+01	-2.28911841e+01	2.11373336e+01	4.38462636e+01	-3.72004556e+06	-4.72836420e-14	-3.72004556e+06	3.72004556e+06
1.02818         	-3.00691989e+05	-1.50341791e+05	-1.50350197e+05	-3.36227788e-01	1.93287891e+00	-2.26910670e+00	2.10099281e+00	4.20284735e+00	-3.75864986e+06	-4.82071827e-14	-3.75864986e+06	3.75864986e+06
1.03667         	-3.03459330e+05	-1.51779145e+05	-1.51680185e+05	3.95841170e+00	-2.16978079e+01	2.56562196e+01	-2.36770138e+01	-4.94801462e+01	-3.79324162e+06	-4.90523560e-14	-3.79324162e+06	3.79324162e+06
1.045           	-3.05853105e+05	-1.52901727e+05	-1.52951377e+05	-1.98599411e+00	1.09892481e+01	-1.29752422e+01	1.19822451e+01	2.48249264e+01	-3.82316381e+06	-4.99815206e-14	-3.82316381e+06	3.82316381e+06
1.05333         	-3.08852553e+05	-1.54436657e+05	-1.54415896e+05	8.30415298e-01	-4.51258813e+00	5.34300343e+00	-4.92779578e+00	-1.03801912e+01	-3.86065691e+06	-5.08722092e-14	-3.86065691e+06	3.86065691e+06
1.06167         	-3.10507118e+05	-1.55222223e+05	-1.55284895e+05	-2.50687539e+00	1.38359593e+01	-1.63428347e+01	1.50893970e+01	3.13359424e+01	-3.88133897e+06	-5.17665795e-14	-3.88133897e+06	3.88133897e+06
1.07            	-3.12401978e+05	-1.56195286e+05	-1.56206692e+05	-4.56266023e-01	2.54448080e+00	-3.00074682e+00	2.77261381e+00	5.70332529e+00	-3.90502472e+06	-5.26340060e-14	-3.90502472e+06	3.90502472e+06
1.07833         	-3.15569746e+05	-1.57862292e+05	-1.57707454e+05	6.19352886e+00	-3.40435527e+01	4.02370816e+01	-3.71403172e+01	-7.74191107e+01	-3.94462182e+06	-5.35780402e-14	-3.94462182e+06	3.94462182e+06
1.08667         	-3.18374829e+05	-1.59255246e+05	-1.59119583e+05	5.42653022e+00	-2.98319574e+01	3.52584876e+01	-3.25452225e+01	-6.78316278e+01	-3.97968536e+06	-5.44858525e-14	-3.97968536e+06	3.97968536e+06
1.095           	-3.21172533e+05	-1.60724997e+05	-1.60447535e+05	1.10984923e+01	-6.10402098e+01	7.21387021e+01	-6.65894559e+01	-1.38731154e+02	-4.01465666e+06	-5.54042773e-14	-4.01465666e+06	4.01465666e+06
1.10333         	-3.23842134e+05	-1.62006923e+05	-1.61835211e+05	6.86849909e+00	-3.78066789e+01	4.46751780e+01	-4.12409284e+01	-8.58562386e+01	-4.04802668e+06	-5.62877733e-14	-4.04802668e+06	4.04802668e+06
1.11167         	-3.26433990e+05	-1.63364978e+05	-1.63069012e+05	1.18386556e+01	-6.51519633e+01	7.69906189e+01	-7.10712911e+01	-1.47983195e+02	-4.08042487e+06	-5.71880933e-14	-4.08042487e+06	4.08042487e+06
1.12            	-3.28508651e+05	-1.64492189e+05	-1.64016462e+05	1.90290902e+01	-1.04699863e+02	1.23728953e+02	-1.14214408e+02	-2.37863627e+02	-4.10635814e+06	-5.80331873e-14	-4.10635814e+06	4.10635814e+06
1.12833         	-3.31566800e+05	-1.65946253e+05	-1.65620548e+05	1.30281882e+01	-7.17122186e+01	8.47404068e+01	-7.82263127e+01	-1.62852352e+02	-4.14458500e+06	-5.89279423e-14	-4.14458500e+06	4.14458500e+06
1.13667         	-3.35109028e+05	-1.67841514e+05	-1.67267514e+05	2.29599864e+01	-1.26349756e+02	1.49309742e+02	-1.37829749e+02	-2.86999830e+02	-4.18886285e+06	-5.98292611e-14	-4.18886285e+06	4.18886285e+06
1.145           	-3.38756464e+05	-1.69087056e+05	-1.69669409e+05	-2.32941228e+01	1.27969315e+02	-1.51263438e+02	1.39616377e+02	2.91176536e+02	-4.23445580e+06	-6.07890960e-14	-4.23445580e+06	4.23445580e+06
1.15308         	-3.41486097e+05	-1.71184961e+05	-1.70301136e+05	3.53529988e+01	-1.94533190e+02	2.29886189e+02	-2.12209689e+02	-4.41912485e+02	-4.26857621e+06	-6.15488677e-14	-4.26857621e+06	4.26857621e+06
1.16077         	-3.43724983e+05	-1.72235929e+05	-1.71489053e+05	2.98750322e+01	-1.64362886e+02	1.94237918e+02	-1.79300402e+02	-3.73437903e+02	-4.29656228e+06	-6.23211067e-14	-4.29656228e+06	4.29656228e+06
1.16846         	-3.46395117e+05	-1.73541123e+05	-1.72853994e+05	2.74851379e+01	-1.51199342e+02	1.78684480e+02	-1.64941911e+02	-3.43564224e+02	-4.32993896e+06	-6.31132370e-14	-4.32993896e+06	4.32993896e+06
1.17615         	-3.48528034e+05	-1.74637087e+05	-1.73890947e+05	2.98455729e+01	-1.64167706e+02	1.94013279e+02	-1.79090492e+02	-3.73069661e+02	-4.35660042e+06	-6.38955901e-14	-4.35660042e+06	4.35660042e+06
1.18357         	-3.51369789e+05	-1.76073064e+05	-1.75296726e+05	3.10535093e+01	-1.70791638e+02	2.01845147e+02	-1.86318393e+02	-3.88168867e+02	-4.39212237e+06	-6.45765695e-14	-4.39212237e+06	4.39212237e+06
1.19071         	-3.52597696e+05	-1.76537863e+05	-1.76059833e+05	1.91211968e+01	-1.05143658e+02	1.24264855e+02	-1.14704257e+02	-2.39014959e+02	-4.40747120e+06	-6.53360918e-14	-4.40747120e+06	4.40747120e+06
1.19786         	-3.54058846e+05	-1.77476283e+05	-1.76582563e+05	3.57488070e+01	-1.96567342e+02	2.32316149e+02	-2.14441746e+02	-4.46860088e+02	-4.42573558e+06	-6.60731591e-14	-4.42573558e+06	4.42573558e+06
1.205           	-3.55099157e+05	-1.78083574e+05	-1.77015583e+05	4.27196363e+01	-2.34888129e+02	2.77607765e+02	-2.56247947e+02	-5.33995454e+02	-4.43873946e+06	-6.67971725e-14	-4.43873946e+06	4.43873946e+06
1.21214         	-3.56662565e+05	-1.78836093e+05	-1.77826472e+05	4.03848191e+01	-2.22029189e+02	2.62414008e+02	-2.42221598e+02	-5.04810239e+02	-4.45828206e+06	-6.75682470e-14	-4.45828206e+06	4.45828206e+06
1.21929         	-3.58244038e+05	-1.79514314e+05	-1.78729725e+05	3.13835627e+01	-1.72508630e+02	2.03892192e+02	-1.88200411e+02	-3.92294534e+02	-4.47805048e+06	-6.83400762e-14	-4.47805048e+06	4.47805048e+06
1.226           	-3.59767628e+05	-1.80420107e+05	-1.79347521e+05	4.29034652e+01	-2.35854716e+02	2.78758182e+02	-2.57306449e+02	-5.36293315e+02	-4.49709535e+06	-6.90515896e-14	-4.49709535e+06	4.49709535e+06
1.23267         	-3.62150283e+05	-1.81679551e+05	-1.80470732e+05	4.83527809e+01	-2.65815918e+02	3.14168698e+02	-2.89992308e+02	-6.04409761e+02	-4.52687854e+06	-6.98301696e-14	-4.52687854e+06	4.52687854e+06
1.23933         	-3.62774203e+05	-1.82158749e+05	-1.80615455e+05	6.17317464e+01	-3.39384625e+02	4.01116372e+02	-3.70250499e+02	-7.71646829e+02	-4.53467754e+06	-7.05158408e-14	-4.53467754e+06	4.53467754e+06
1.246           	-3.63052179e+05	-1.82159648e+05	-1.80892531e+05	5.06846666e+01	-2.78609471e+02	3.29294137e+02	-3.03951804e+02	-6.33558332e+02	-4.53815223e+06	-7.11656604e-14	-4.53815223e+06	4.53815223e+06
1.25267         	-3.63348042e+05	-1.82362693e+05	-1.80985349e+05	5.50937695e+01	-3.02848651e+02	3.57942421e+02	-3.30395536e+02	-6.88672119e+02	-4.54185052e+06	-7.18120180e-14	-4.54185052e+06	4.54185052e+06
1.25933         	-3.63872554e+05	-1.82674796e+05	-1.81197758e+05	5.90814986e+01	-3.24772861e+02	3.83854360e+02	-3.54313611e+02	-7.38518733e+02	-4.54840693e+06	-7.24803619e-14	-4.54840693e+06	4.54840693e+06
1.266           	-3.64139300e+05	-1.82839534e+05	-1.81299766e+05	6.15907150e+01	-3.38566625e+02	4.00157340e+02	-3.69361983e+02	-7.69883938e+02	-4.55174125e+06	-7.31299205e-14	-4.55174125e+06	4.55174125e+06
1.2725          	-3.65066643e+05	-1.83277668e+05	-1.81788975e+05	5.95476947e+01	-3.27317295e+02	3.86864990e+02	-3.57091143e+02	-7.44346184e+02	-4.56333303e+06	-7.37046095e-14	-4.56333303e+06	4.56333303e+06
1.27875         	-3.64890322e+05	-1.83219040e+05	-1.81671282e+05	6.19103034e+01	-3.40307213e+02	4.02217516e+02	-3.71262364e+02	-7.73878793e+02	-4.56112903e+06	-7.43374771e-14	-4.56112903e+06	4.56112903e+06
1.285           	-3.64937876e+05	-1.83330952e+05	-1.81606924e+05	6.89611031e+01	-3.79071816e+02	4.48032919e+02	-4.13552367e+02	-8.62013788e+02	-4.56172345e+06	-7.49252274e-14	-4.56172345e+06	4.56172345e+06
1.29125         	-3.65112300e+05	-1.83541988e+05	-1.81570312e+05	7.88670184e+01	-4.33536860e+02	5.12403878e+02	-4.72970369e+02	-9.85837730e+02	-4.56390375e+06	-7.55076117e-14	-4.56390375e+06	4.56390375e+06
1.2975          	-3.65113718e+05	-1.83385344e+05	-1.81728374e+05	6.62787935e+01	-3.64300043e+02	4.30578837e+02	-3.97439440e+02	-8.28484919e+02	-4.56392148e+06	-7.60805909e-14	-4.56392148e+06	4.56392148e+06
1.30375         	-3.65002673e+05	-1.83462408e+05	-1.81540265e+05	7.68857018e+01	-4.22625263e+02	4.99510965e+02	-4.61068114e+02	-9.61071272e+02	-4.56253342e+06	-7.66333067e-14	-4.56253342e+06	4.56253342e+06
1.31            	-3.65048802e+05	-1.83656426e+05	-1.81392376e+05	9.05620185e+01	-4.97841210e+02	5.88403228e+02	-5.43122219e+02	-1.13202523e+03	-4.56311002e+06	-7.71880338e-14	-4.56311002e+06	4.56311002e+06
1.31625         	-3.65162363e+05	-1.83534424e+05	-1.81627939e+05	7.62594146e+01	-4.19174612e+02	4.95434027e+02	-4.57304319e+02	-9.53242683e+02	-4.56452953e+06	-7.77414728e-14	-4.56452953e+06	4.56452953e+06
1.32235         	-3.65954892e+05	-1.84202629e+05	-1.81752263e+05	9.80146528e+01	-5.38809940e+02	6.36824592e+02	-5.87817266e+02	-1.22518316e+03	-4.57443615e+06	-7.82318420e-14	-4.57443615e+06	4.57443615e+06
1.32824         	-3.65999762e+05	-1.84104203e+05	-1.81895558e+05	8.83457980e+01	-4.85642140e+02	5.73987938e+02	-5.29815039e+02	-1.10432247e+03	-4.57499702e+06	-7.88259552e-14	-4.57499702e+06	4.57499702e+06
1.33412         	-3.66074717e+05	-1.84120217e+05	-1.81954500e+05	8.66286798e+01	-4.76187774e+02	5.62816453e+02	-5.19502113e+02	-1.08285850e+03	-4.57593396e+06	-7.93636947e-14	-4.57593396e+06	4.57593396e+06
1.34            	-3.66564255e+05	-1.84442146e+05	-1.82122109e+05	9.28014552e+01	-5.10117464e+02	6.02918919e+02	-5.56518191e+02	-1.16001819e+03	-4.58205319e+06	-7.99130212e-14	-4.58205319e+06	4.58205319e+06
1.34588         	-3.67029103e+05	-1.84691924e+05	-1.82337179e+05	9.41898079e+01	-5.17732226e+02	6.11922034e+02	-5.64827130e+02	-1.17737260e+03	-4.58786378e+06	-8.04620750e-14	-4.58786378e+06	4.58786378e+06
1.35176         	-3.67680824e+05	-1.85106086e+05	-1.82574738e+05	1.01253925e+02	-5.56556772e+02	6.57810697e+02	-6.07183735e+02	-1.26567407e+03	-4.59601029e+06	-8.10168875e-14	-4.59601029e+06	4.59601029e+06
1.35765         	-3.68614244e+05	-1.85655448e+05	-1.82958796e+05	1.07866063e+02	-5.92887346e+02	7.00753409e+02	-6.46820378e+02	-1.34832579e+03	-4.60767805e+06	-8.15871047e-14	-4.60767805e+06	4.60767805e+06
1.36333         	-3.69745361e+05	-1.86348259e+05	-1.83397102e+05	1.18046293e+02	-6.48840375e+02	7.66886669e+02	-7.07863522e+02	-1.47557867e+03	-4.62181702e+06	-8.20830103e-14	-4.62181702e+06	4.62181702e+06
1.36889         	-3.70726042e+05	-1.86835142e+05	-1.83890900e+05	1.17769668e+02	-6.47278873e+02	7.65048541e+02	-7.06163707e+02	-1.47212085e+03	-4.63407552e+06	-8.26882671e-14	-4.63407552e+06	4.63407552e+06
1.37444         	-3.71715299e+05	-1.87348810e+05	-1.84366489e+05	1.19292831e+02	-6.55611727e+02	7.74904558e+02	-7.15258143e+02	-1.49116039e+03	-4.64644123e+06	-8.32601363e-14	-4.64644123e+06	4.64644123e+06
1.38            	-3.72874779e+05	-1.87947380e+05	-1.84927399e+05	1.20799239e+02	-6.63850829e+02	7.84650068e+02	-7.24250449e+02	-1.50999049e+03	-4.66093474e+06	-8.38334892e-14	-4.66093474e+06	4.66093474e+06
1.38556         	-3.74167445e+05	-1.88878664e+05	-1.85288780e+05	1.43595347e+02	-7.89176947e+02	9.32772293e+02	-8.60974620e+02	-1.79494183e+03	-4.67709306e+06	-8.44143701e-14	-4.67709306e+06	4.67709306e+06
1.39105         	-3.76672340e+05	-1.90031843e+05	-1.86640497e+05	1.35653852e+02	-7.45458647e+02	8.81112499e+02	-8.13285573e+02	-1.69567315e+03	-4.70840425e+06	-8.49098365e-14	-4.70840425e+06	4.70840425e+06
1.39632         	-3.77332138e+05	-1.90421233e+05	-1.86910906e+05	1.40413083e+02	-7.71600976e+02	9.12014059e+02	-8.41807518e+02	-1.75516353e+03	-4.71665173e+06	-8.55677809e-14	-4.71665173e+06	4.71665173e+06
1.40158         	-3.78721529e+05	-1.91221620e+05	-1.87499910e+05	1.48868394e+02	-8.18047679e+02	9.66916073e+02	-8.92481876e+02	-1.86085493e+03	-4.73401912e+06	-8.61537860e-14	-4.73401912e+06	4.73401912e+06
1.40684         	-3.80333096e+05	-1.91771913e+05	-1.88561183e+05	1.28429214e+02	-7.05587057e+02	8.34016271e+02	-7.69801664e+02	-1.60536517e+03	-4.75416369e+06	-8.67476609e-14	-4.75416369e+06	4.75416369e+06
1.41211         	-3.81741811e+05	-1.92660427e+05	-1.89081384e+05	1.43161729e+02	-7.86568647e+02	9.29730376e+02	-8.58149512e+02	-1.78952161e+03	-4.77177264e+06	-8.73312119e-14	-4.77177264e+06	4.77177264e+06
1.41737         	-3.83018137e+05	-1.93358909e+05	-1.89659228e+05	1.47987215e+02	-8.13057469e+02	9.61044684e+02	-8.87051077e+02	-1.84984019e+03	-4.78772671e+06	-8.79110485e-14	-4.78772671e+06	4.78772671e+06
1.4225          	-3.85155090e+05	-1.94498461e+05	-1.90656629e+05	1.53673267e+02	-8.44290625e+02	9.97963892e+02	-9.21127258e+02	-1.92091584e+03	-4.81443862e+06	-8.84228846e-14	-4.81443862e+06	4.81443862e+06
1.4275          	-3.86611144e+05	-1.95285167e+05	-1.91325977e+05	1.58367623e+02	-8.70061259e+02	1.02842888e+03	-9.49245071e+02	-1.97959529e+03	-4.83263930e+06	-8.90721370e-14	-4.83263930e+06	4.83263930e+06
1.4325          	-3.88271165e+05	-1.96044528e+05	-1.92226638e+05	1.52715591e+02	-8.38942478e+02	9.91658069e+02	-9.15300273e+02	-1.90894489e+03	-4.85338957e+06	-8.96727391e-14	-4.85338957e+06	4.85338957e+06
1.4375          	-3.89802637e+05	-1.98176662e+05	-1.91625975e+05	2.62027484e+02	-1.44010155e+03	1.70212904e+03	-1.57111530e+03	-3.27534355e+03	-4.87253297e+06	-9.02486619e-14	-4.87253297e+06	4.87253297e+06
1.4425          	-3.91031170e+05	-1.97630166e+05	-1.93401004e+05	1.69166484e+02	-9.29350522e+02	1.09851701e+03	-1.01393376e+03	-2.11458105e+03	-4.88788962e+06	-9.08452850e-14	-4.88788962e+06	4.88788962e+06
1.4475          	-3.92491187e+05	-1.98502844e+05	-1.93988344e+05	1.80579987e+02	-9.92091836e+02	1.17267182e+03	-1.08238183e+03	-2.25724983e+03	-4.90613984e+06	-9.14428053e-14	-4.90613984e+06	4.90613984e+06
1.4525          	-3.93503705e+05	-1.98988523e+05	-1.94515182e+05	1.78933663e+02	-9.83007204e+02	1.16194087e+03	-1.07247404e+03	-2.23667079e+03	-4.91879631e+06	-9.20311140e-14	-4.91879631e+06	4.91879631e+06
1.4575          	-3.94282962e+05	-2.00464031e+05	-1.93818931e+05	2.65803994e+02	-1.46076734e+03	1.72657133e+03	-1.59366933e+03	-3.32254993e+03	-4.92853702e+06	-9.26101457e-14	-4.92853702e+06	4.92853702e+06
1.4625          	-3.95458240e+05	-1.99826275e+05	-1.95631965e+05	1.67772406e+02	-9.21557952e+02	1.08933036e+03	-1.00544416e+03	-2.09715508e+03	-4.94322800e+06	-9.32029152e-14	-4.94322800e+06	4.94322800e+06
1.4675          	-3.96344653e+05	-2.00377512e+05	-1.95967140e+05	1.76414881e+02	-9.69065993e+02	1.14548087e+03	-1.05727343e+03	-2.20518601e+03	-4.95430816e+06	-9.37677402e-14	-4.95430816e+06	4.95430816e+06
1.47238         	-3.97721506e+05	-2.01000840e+05	-1.96720667e+05	1.71206907e+02	-9.40387079e+02	1.11159399e+03	-1.02599053e+03	-2.14008634e+03	-4.97151883e+06	-9.42701098e-14	-4.97151883e+06	4.97151883e+06
1.47714         	-3.98211966e+05	-2.01506206e+05	-1.96705761e+05	1.92017796e+02	-1.05482005e+03	1.24683784e+03	-1.15082895e+03	-2.40022245e+03	-4.97764958e+06	-9.48654709e-14	-4.97764958e+06	4.97764958e+06
1.4819          	-3.99328910e+05	-2.02107553e+05	-1.97221357e+05	1.95447827e+02	-1.07366535e+03	1.26911318e+03	-1.17138927e+03	-2.44309784e+03	-4.99161137e+06	-9.54213782e-14	-4.99161137e+06	4.99161137e+06
1.48667         	-4.00316031e+05	-2.02541595e+05	-1.97774436e+05	1.90686374e+02	-1.04743923e+03	1.23812560e+03	-1.14278241e+03	-2.38357968e+03	-5.00395038e+06	-9.59558616e-14	-5.00395038e+06	5.00395038e+06
1.49143         	-4.00714617e+05	-2.02749518e+05	-1.97965099e+05	1.91376766e+02	-1.05120710e+03	1.24258387e+03	-1.14689549e+03	-2.39220958e+03	-5.00893272e+06	-9.64869092e-14	-5.00893272e+06	5.00893272e+06
1.49619         	-4.01085995e+05	-2.03344110e+05	-1.97741885e+05	2.24088982e+02	-1.23111240e+03	1.45520138e+03	-1.34315689e+03	-2.80111228e+03	-5.01357494e+06	-9.70189820e-14	-5.01357494e+06	5.01357494e+06
1.50095         	-4.01491822e+05	-2.03385207e+05	-1.98106615e+05	2.11143658e+02	-1.15986016e+03	1.37100382e+03	-1.26543199e+03	-2.63929573e+03	-5.01864778e+06	-9.75421218e-14	-5.01864778e+06	5.01864778e+06
1.50571         	-4.01709565e+05	-2.03306121e+05	-1.98403444e+05	1.96107111e+02	-1.07711726e+03	1.27322437e+03	-1.17517082e+03	-2.45133888e+03	-5.02136956e+06	-9.80708684e-14	-5.02136956e+06	5.02136956e+06
1.51048         	-4.02074559e+05	-2.03553575e+05	-1.98520984e+05	2.01303669e+02	-1.10566544e+03	1.30696911e+03	-1.20631727e+03	-2.51629587e+03	-5.02593198e+06	-9.85977566e-14	-5.02593198e+06	5.02593198e+06
1.51524         	-4.02432748e+05	-2.03809951e+05	-1.98622797e+05	2.07486184e+02	-1.13963300e+03	1.34711918e+03	-1.24337609e+03	-2.59357730e+03	-5.03040935e+06	-9.91283786e-14	-5.03040935e+06	5.03040935e+06
1.52            	-4.02635920e+05	-2.03808939e+05	-1.98826981e+05	1.99278332e+02	-1.09444630e+03	1.29372464e+03	-1.19408547e+03	-2.49097915e+03	-5.03294900e+06	-9.96457376e-14	-5.03294900e+06	5.03294900e+06
1.52455         	-4.02933704e+05	-2.03192744e+05	-1.99740961e+05	1.38071318e+02	-7.57756816e+02	8.95828134e+02	-8.26792475e+02	-1.72589148e+03	-5.03667131e+06	-1.00135992e-13	-5.03667131e+06	5.03667131e+06
1.52909         	-4.03325915e+05	-2.04280168e+05	-1.99045747e+05	2.09376865e+02	-1.14992592e+03	1.35930278e+03	-1.25461435e+03	-2.61721081e+03	-5.04157394e+06	-1.00681327e-13	-5.04157394e+06	5.04157394e+06
1.53364         	-4.03624342e+05	-2.04588014e+05	-1.99036328e+05	2.22067406e+02	-1.21969180e+03	1.44175920e+03	-1.33072550e+03	-2.77584258e+03	-5.04530428e+06	-1.01204312e-13	-5.04530428e+06	5.04530428e+06
1.53818         	-4.04027901e+05	-2.04857931e+05	-1.99169970e+05	2.27518443e+02	-1.24963868e+03	1.47715713e+03	-1.36339791e+03	-2.84398053e+03	-5.05034877e+06	-1.01710586e-13	-5.05034877e+06	5.05034877e+06
1.54273         	-4.04184217e+05	-2.04823926e+05	-1.99360291e+05	2.18545391e+02	-1.20024670e+03	1.41879209e+03	-1.30951940e+03	-2.73181738e+03	-5.05230271e+06	-1.02213166e-13	-5.05230271e+06	5.05230271e+06
